0 0 0 7 0 0 0 0 0 0 0 0 
0 0 0 7 0 0 0 0 0 0 0 0 0 
0 0 0 7 0 0 0 0 0 0 0 0 0 
0 0 7 0 0 0 0 0 0 0 0 0 0 
7 0 0 0 0 0 0 0 0 0 0 0 
7 0 0 0 0 0 0 0 0 0 0 0 2 
7 0 0 0 0 0 0 0 0 0 0 0 2 2 
7 0 0 0 0 0 0 0 0 0 0 0 2 2 2 
7 0 0 0 0 0 0 0 0 0 0 0 2 2 2 2 0 
7 0 0 0 0 0 0 0 0 0 0 0 2 2 2 2 0 2 
7 0 0 0 0 0 0 0 0 0 0 0 2 2 2 2 0 2 2 
7 0 0 0 0 0 0 0 0 0 0 0 2 2 2 2 0 2 2 2 
7 0 0 0 0 0 0 0 0 0 0 0 2 2 2 2 0 2 2 2 2 0 
7 0 0 0 0 0 0 0 0 0 0 0 2 2 2 2 0 2 2 2 2 0 2 
7 0 0 0 0 0 0 0 0 0 0 0 2 2 2 2 0 2 2 2 2 0 2 
7 0 0 0 0 0 0 0 0 0 0 0 2 2 2 2 0 2 2 2 2 0 2 2 
7 0 0 0 0 0 0 0 0 0 0 0 2 2 2 2 0 2 2 2 2 0 2 2 2 2 
7 0 0 0 0 0 0 0 0 0 0 0 2 2 2 2 0 2 2 2 2 0 2 2 2 2 0 
0 0 0 0 0 0 0 0 0 0 0 2 2 2 2 0 2 2 2 2 0 2 2 2 2 0 2 
0 0 0 0 0 0 0 0 0 0 0 2 2 2 2 0 2 2 2 2 0 2 2 2 2 0 2 2 
0 0 0 0 0 0 0 0 0 2 2 2 2 0 2 2 2 2 0 2 2 2 2 0 2 2 2 
0 0 0 0 0 0 0 0 0 2 2 2 2 0 2 2 2 2 0 2 2 2 2 0 2 2 2 2 0 
0 0 0 0 0 0 0 0 0 2 2 2 2 0 2 2 2 2 0 2 2 2 2 0 2 2 2 2 0 2 
0 0 0 0 0 0 0 0 2 2 2 2 0 2 2 2 2 0 2 2 2 2 0 2 2 2 2 0 2 2 
0 0 0 0 0 0 0 2 2 2 2 0 2 2 2 2 0 2 2 2 2 0 2 2 2 2 0 2 2 2 
0 0 0 0 0 0 2 2 2 2 0 2 2 2 2 0 2 2 2 2 0 2 2 2 2 0 2 2 2 2 
0 0 0 0 0 0 2 2 2 2 0 2 2 2 2 0 2 2 2 2 0 2 2 2 2 0 2 2 2 2 0 
0 0 0 0 0 2 2 2 2 0 2 2 2 2 0 2 2 2 2 0 2 2 2 2 0 2 2 2 2 0 2 
0 0 0 0 0 2 2 2 2 0 2 2 2 2 0 2 2 2 2 0 2 2 2 2 0 2 2 2 2 0 2 2 
0 0 0 2 2 2 2 0 2 2 2 2 0 2 2 2 2 0 2 2 2 2 0 2 2 2 2 0 2 2 2 
0 0 0 2 2 2 2 0 2 2 2 2 0 2 2 2 2 0 2 2 2 2 0 2 2 2 2 0 2 2 2 2 0 
0 0 2 2 2 2 0 2 2 2 2 0 2 2 2 2 0 2 2 2 2 0 2 2 2 2 0 2 2 2 2 0 2 
0 0 2 2 2 2 0 2 2 2 2 0 2 2 2 2 0 2 2 2 2 0 2 2 2 2 0 2 2 2 2 0 2 2 
0 2 2 2 2 0 2 2 2 2 0 2 2 2 2 0 2 2 2 2 0 2 2 2 2 0 2 2 2 2 0 2 2 2 
2 2 2 2 0 2 2 2 2 0 2 2 2 2 0 2 2 2 2 0 2 2 2 2 0 2 2 2 2 0 2 2 2 2 0 
2 2 2 0 2 2 2 2 0 2 2 2 2 0 2 2 2 2 0 2 2 2 2 0 2 2 2 2 0 2 2 2 2 0 2 
2 2 0 2 2 2 2 0 2 2 2 2 0 2 2 2 2 0 2 2 2 2 0 2 2 2 2 0 2 2 2 2 0 2 
2 0 2 2 2 2 0 2 2 2 2 0 2 2 2 2 0 2 2 2 2 0 2 2 2 2 0 2 2 2 2 0 2 2 
2 2 2 2 0 2 2 2 2 0 2 2 2 2 0 2 2 2 2 0 2 2 2 2 0 2 2 2 2 0 2 2 2 2 
2 2 2 0 2 2 2 2 0 2 2 2 2 0 2 2 2 2 0 2 2 2 2 0 2 2 2 2 0 2 2 2 2 0 
2 2 0 2 2 2 2 0 2 2 2 2 0 2 2 2 2 0 2 2 2 2 0 2 2 2 2 0 2 2 2 2 0 2 
2 0 2 2 2 2 0 2 2 2 2 0 2 2 2 2 0 2 2 2 2 0 2 2 2 2 0 2 2 2 2 0 2 2 
2 2 2 2 0 2 2 2 2 0 2 2 2 2 0 2 2 2 2 0 2 2 2 2 0 2 2 2 2 0 2 2 2 
2 2 2 0 2 2 2 2 0 2 2 2 2 0 2 2 2 2 0 2 2 2 2 0 2 2 2 2 0 2 2 2 2 0 
2 2 2 0 2 2 2 2 0 2 2 2 2 0 2 2 2 2 0 2 2 2 2 0 2 2 2 2 0 2 2 2 2 0 2 
2 2 0 2 2 2 2 0 2 2 2 2 0 2 2 2 2 0 2 2 2 2 0 2 2 2 2 0 2 2 2 2 0 2 2 
0 2 2 2 2 0 2 2 2 2 0 2 2 2 2 0 2 2 2 2 0 2 2 2 2 0 2 2 2 2 0 2 2 2 
2 2 2 2 0 2 2 2 2 0 2 2 2 2 0 2 2 2 2 0 2 2 2 2 0 2 2 2 2 0 2 2 2 2 
2 2 2 0 2 2 2 2 0 2 2 2 2 0 2 2 2 2 0 2 2 2 2 0 2 2 2 2 0 2 2 2 2 16 16 7 
2 2 0 2 2 2 2 0 2 2 2 2 0 2 2 2 2 0 2 2 2 2 0 2 2 2 2 0 2 2 2 2 16 16 7 0 4 4 
2 0 2 2 2 2 0 2 2 2 2 0 2 2 2 2 0 2 2 2 2 0 2 2 2 2 0 2 2 2 2 16 16 7 0 4 4 7 7 7 7 
2 2 2 2 0 2 2 2 2 0 2 2 2 2 0 2 2 2 2 0 2 2 2 2 0 2 2 2 2 16 16 7 0 4 4 7 7 7 7 0 4 4 
2 2 2 0 2 2 2 2 0 2 2 2 2 0 2 2 2 2 0 2 2 2 2 0 2 2 2 2 16 16 7 0 4 4 7 7 7 7 0 4 4 0 7 
2 2 0 2 2 2 2 0 2 2 2 2 0 2 2 2 2 0 2 2 2 2 0 2 2 2 2 16 16 7 0 4 4 7 7 7 7 0 4 4 0 7 7 0 4 
2 0 2 2 2 2 0 2 2 2 2 0 2 2 2 2 0 2 2 2 2 0 2 2 2 2 16 16 7 0 4 4 7 7 7 7 0 4 4 0 7 7 0 4 4 7 7 7 
0 2 2 2 2 0 2 2 2 2 0 2 2 2 2 0 2 2 2 2 0 2 2 2 2 16 16 7 0 4 4 7 7 7 7 0 4 4 0 7 7 0 4 4 7 7 7 7 0 4 
2 2 2 2 0 2 2 2 2 0 2 2 2 2 0 2 2 2 2 0 2 2 2 2 16 16 7 0 4 4 7 7 7 7 0 4 4 0 7 7 0 4 4 7 7 7 7 0 4 4 0 7 
2 2 2 0 2 2 2 2 0 2 2 2 2 0 2 2 2 2 0 2 2 2 2 16 16 7 0 4 4 7 7 7 7 0 4 4 0 7 7 0 4 4 7 7 7 7 0 4 4 0 7 7 0 4 
2 2 0 2 2 2 2 0 2 2 2 2 0 2 2 2 2 0 2 2 2 2 16 16 7 0 4 4 7 7 7 7 0 4 4 0 7 7 0 4 4 7 7 7 7 0 4 4 0 7 7 0 4 4 7 
2 0 2 2 2 2 0 2 2 2 2 0 2 2 2 2 0 2 2 2 2 16 16 7 0 4 4 7 7 7 7 0 4 4 0 7 7 0 4 4 7 7 7 7 0 4 4 0 7 7 0 4 4 7 7 7 7 
2 2 2 2 0 2 2 2 2 0 2 2 2 2 0 2 2 2 2 16 16 7 0 4 4 7 7 7 7 0 4 4 0 7 7 0 4 4 7 7 7 7 0 4 4 0 7 7 0 4 4 7 7 7 7 0 4 4 
2 2 2 0 2 2 2 2 0 2 2 2 2 0 2 2 2 2 16 16 7 0 4 4 7 7 7 7 0 4 4 0 7 7 0 4 4 7 7 7 7 0 4 4 0 7 7 0 4 4 7 7 7 7 0 4 4 0 7 7 
2 2 0 2 2 2 2 0 2 2 2 2 0 2 2 2 2 16 16 7 0 4 4 7 7 7 7 0 4 4 0 7 7 0 4 4 7 7 7 7 0 4 4 0 7 7 0 4 4 7 7 7 7 0 4 4 0 7 7 0 4 4 
2 0 2 2 2 2 0 2 2 2 2 0 2 2 2 2 16 16 7 0 4 4 7 7 7 7 0 4 4 0 7 7 0 4 4 7 7 7 7 0 4 4 0 7 7 0 4 4 7 7 7 7 0 4 4 0 7 7 0 4 4 7 7 7 
2 2 2 2 0 2 2 2 2 0 2 2 2 2 16 16 7 0 4 4 7 7 7 7 0 4 4 0 7 7 0 4 4 7 7 7 7 0 4 4 0 7 7 0 4 4 7 7 7 7 0 4 4 0 7 7 0 4 4 7 7 7 7 0 4 0 
2 2 2 0 2 2 2 2 0 2 2 2 2 16 16 7 0 4 4 7 7 7 7 0 4 4 0 7 7 0 4 4 7 7 7 7 0 4 4 0 7 7 0 4 4 7 7 7 7 0 4 4 0 7 7 0 4 4 7 7 7 7 0 4 0 3 6 14 14 
2 2 2 0 2 2 2 2 0 2 2 2 2 16 16 7 0 4 4 7 7 7 7 0 4 4 0 7 7 0 4 4 7 7 7 7 0 4 4 0 7 7 0 4 4 7 7 7 7 0 4 4 0 7 7 0 4 4 7 7 7 7 0 4 0 3 6 14 14 7 0 4 
2 2 0 2 2 2 2 0 2 2 2 2 16 16 7 0 4 4 7 7 7 7 0 4 4 0 7 7 0 4 4 7 7 7 7 0 4 4 0 7 7 0 4 4 7 7 7 7 0 4 4 0 7 7 0 4 4 7 7 7 7 0 4 0 3 6 14 14 7 0 4 4 7 7 7 
0 2 2 2 2 0 2 2 2 2 16 16 7 0 4 4 7 7 7 7 0 4 4 0 7 7 0 4 4 7 7 7 7 0 4 4 0 7 7 0 4 4 7 7 7 7 0 4 4 0 7 7 0 4 4 7 7 7 7 0 4 0 3 6 14 14 7 0 4 4 7 7 7 7 0 4 
2 2 2 2 0 2 2 2 2 16 16 7 0 4 4 7 7 7 7 0 4 4 0 7 7 0 4 4 7 7 7 7 0 4 4 0 7 7 0 4 4 7 7 7 7 0 4 4 0 7 7 0 4 4 7 7 7 7 0 4 0 3 6 14 14 7 0 4 4 7 7 7 7 0 4 4 7 
2 2 2 0 2 2 2 2 16 16 7 0 4 4 7 7 7 7 0 4 4 0 7 7 0 4 4 7 7 7 7 0 4 4 0 7 7 0 4 4 7 7 7 7 0 4 4 0 7 7 0 4 4 7 7 7 7 0 4 0 3 6 14 14 7 0 4 4 7 7 7 7 0 4 4 7 7 7 7 
2 2 0 2 2 2 2 16 16 7 0 4 4 7 7 7 7 0 4 4 0 7 7 0 4 4 7 7 7 7 0 4 4 0 7 7 0 4 4 7 7 7 7 0 4 4 0 7 7 0 4 4 7 7 7 7 0 4 0 3 6 14 14 7 0 4 4 7 7 7 7 0 4 4 7 7 7 7 0 4 4 
2 0 2 2 2 2 16 16 7 0 4 4 7 7 7 7 0 4 4 0 7 7 0 4 4 7 7 7 7 0 4 4 0 7 7 0 4 4 7 7 7 7 0 4 4 0 7 7 0 4 4 7 7 7 7 0 4 0 3 6 14 14 7 0 4 4 7 7 7 7 0 4 4 7 7 7 7 0 4 4 0 7 7 
2 2 2 2 16 16 7 0 4 4 7 7 7 7 0 4 4 0 7 7 0 4 4 7 7 7 7 0 4 4 0 7 7 0 4 4 7 7 7 7 0 4 4 0 7 7 0 4 4 7 7 7 7 0 4 0 3 6 14 14 7 0 4 4 7 7 7 7 0 4 4 7 7 7 7 0 4 4 0 7 7 0 4 4 
2 2 2 16 16 7 0 4 4 7 7 7 7 0 4 4 0 7 7 0 4 4 7 7 7 7 0 4 4 0 7 7 0 4 4 7 7 7 7 0 4 4 0 7 7 0 4 4 7 7 7 7 0 4 0 3 6 14 14 7 0 4 4 7 7 7 7 0 4 4 7 7 7 7 0 4 4 0 7 7 0 4 4 7 7 7 
2 2 16 16 7 0 4 4 7 7 7 7 0 4 4 0 7 7 0 4 4 7 7 7 7 0 4 4 0 7 7 0 4 4 7 7 7 7 0 4 4 0 7 7 0 4 4 7 7 7 7 0 4 0 3 6 14 14 7 0 4 4 7 7 7 7 0 4 4 7 7 7 7 0 4 4 0 7 7 0 4 4 7 7 7 7 0 4 
2 16 16 7 0 4 4 7 7 7 7 0 4 4 0 7 7 0 4 4 7 7 7 7 0 4 4 0 7 7 0 4 4 7 7 7 7 0 4 4 0 7 7 0 4 4 7 7 7 7 0 4 0 3 6 14 14 7 0 4 4 7 7 7 7 0 4 4 7 7 7 7 0 4 4 0 7 7 0 4 4 7 7 7 7 0 4 4 0 7 
16 16 7 0 4 4 7 7 7 7 0 4 4 0 7 7 0 4 4 7 7 7 7 0 4 4 0 7 7 0 4 4 7 7 7 7 0 4 4 0 7 7 0 4 4 7 7 7 7 0 4 0 3 6 14 14 7 0 4 4 7 7 7 7 0 4 4 7 7 7 7 0 4 4 0 7 7 0 4 4 7 7 7 7 0 4 4 0 7 7 0 4 
0 4 4 7 7 7 7 0 4 4 0 7 7 0 4 4 7 7 7 7 0 4 4 0 7 7 0 4 4 7 7 7 7 0 4 4 0 7 7 0 4 4 7 7 7 7 0 4 0 3 6 14 14 7 0 4 4 7 7 7 7 0 4 4 7 7 7 7 0 4 4 0 7 7 0 4 4 7 7 7 7 0 4 4 0 7 7 0 4 4 7 7 7 
7 7 7 0 4 4 0 7 7 0 4 4 7 7 7 7 0 4 4 0 7 7 0 4 4 7 7 7 7 0 4 4 0 7 7 0 4 4 7 7 7 7 0 4 0 3 6 14 14 7 0 4 4 7 7 7 7 0 4 4 7 7 7 7 0 4 4 0 7 7 0 4 4 7 7 7 7 0 4 4 0 7 7 0 4 4 7 7 7 7 
0 4 4 0 7 7 0 4 4 7 7 7 7 0 4 4 0 7 7 0 4 4 7 7 7 7 0 4 4 0 7 7 0 4 4 7 7 7 7 0 4 0 3 6 14 14 7 0 4 4 7 7 7 7 0 4 4 7 7 7 7 0 4 4 0 7 7 0 4 4 7 7 7 7 0 4 4 0 7 7 0 4 4 7 7 7 7 0 4 4 
0 7 7 0 4 4 7 7 7 7 0 4 4 0 7 7 0 4 4 7 7 7 7 0 4 4 0 7 7 0 4 4 7 7 7 7 0 4 0 3 6 14 14 7 0 4 4 7 7 7 7 0 4 4 7 7 7 7 0 4 4 0 7 7 0 4 4 7 7 7 7 0 4 4 0 7 7 0 4 4 7 7 7 7 0 4 4 0 7 7 
7 0 4 4 7 7 7 7 0 4 4 0 7 7 0 4 4 7 7 7 7 0 4 4 0 7 7 0 4 4 7 7 7 7 0 4 0 3 6 14 14 7 0 4 4 7 7 7 7 0 4 4 7 7 7 7 0 4 4 0 7 7 0 4 4 7 7 7 7 0 4 4 0 7 7 0 4 4 7 7 7 7 0 4 4 0 7 7 0 4 4 
4 7 7 7 7 0 4 4 0 7 7 0 4 4 7 7 7 7 0 4 4 0 7 7 0 4 4 7 7 7 7 0 4 0 3 6 14 14 7 0 4 4 7 7 7 7 0 4 4 7 7 7 7 0 4 4 0 7 7 0 4 4 7 7 7 7 0 4 4 0 7 7 0 4 4 7 7 7 7 0 4 4 0 7 7 0 4 4 7 14 14 
7 0 4 4 0 7 7 0 4 4 7 7 7 7 0 4 4 0 7 7 0 4 4 7 7 7 7 0 4 0 3 6 14 14 7 0 4 4 7 7 7 7 0 4 4 7 7 7 7 0 4 4 0 7 7 0 4 4 7 7 7 7 0 4 4 0 7 7 0 4 4 7 7 7 7 0 4 4 0 7 7 0 4 4 7 14 14 3 0 7 4 
4 0 7 7 0 4 4 7 7 7 7 0 4 4 0 7 7 0 4 4 7 7 7 7 0 4 0 3 6 14 14 7 0 4 4 7 7 7 7 0 4 4 7 7 7 7 0 4 4 0 7 7 0 4 4 7 7 7 7 0 4 4 0 7 7 0 4 4 7 7 7 7 0 4 4 0 7 7 0 4 4 7 14 14 3 0 7 4 6 14 14 
7 0 4 4 7 7 7 7 0 4 4 0 7 7 0 4 4 7 7 7 7 0 4 0 3 6 14 14 7 0 4 4 7 7 7 7 0 4 4 7 7 7 7 0 4 4 0 7 7 0 4 4 7 7 7 7 0 4 4 0 7 7 0 4 4 7 7 7 7 0 4 4 0 7 7 0 4 4 7 14 14 3 0 7 4 6 14 14 16 0 13 
4 7 7 7 7 0 4 4 0 7 7 0 4 4 7 7 7 7 0 4 0 3 6 14 14 7 0 4 4 7 7 7 7 0 4 4 7 7 7 7 0 4 4 0 7 7 0 4 4 7 7 7 7 0 4 4 0 7 7 0 4 4 7 7 7 7 0 4 4 0 7 7 0 4 4 7 14 14 3 0 7 4 6 14 14 16 0 13 13 16 16 16 
7 7 7 0 4 4 0 7 7 0 4 4 7 7 7 7 0 4 0 3 6 14 14 7 0 4 4 7 7 7 7 0 4 4 7 7 7 7 0 4 4 0 7 7 0 4 4 7 7 7 7 0 4 4 0 7 7 0 4 4 7 7 7 7 0 4 4 0 7 7 0 4 4 7 14 14 3 0 7 4 6 14 14 16 0 13 13 16 16 16 16 0 13 
0 4 4 0 7 7 0 4 4 7 7 7 7 0 4 0 3 6 14 14 7 0 4 4 7 7 7 7 0 4 4 7 7 7 7 0 4 4 0 7 7 0 4 4 7 7 7 7 0 4 4 0 7 7 0 4 4 7 7 7 7 0 4 4 0 7 7 0 4 4 7 14 14 3 0 7 4 6 14 14 16 0 13 13 16 16 16 16 0 13 13 16 16 16 
0 7 7 0 4 4 7 7 7 7 0 4 0 3 6 14 14 7 0 4 4 7 7 7 7 0 4 4 7 7 7 7 0 4 4 0 7 7 0 4 4 7 7 7 7 0 4 4 0 7 7 0 4 4 7 7 7 7 0 4 4 0 7 7 0 4 4 7 14 14 3 0 7 4 6 14 14 16 0 13 13 16 16 16 16 0 13 13 16 16 16 16 
0 4 4 7 7 7 7 0 4 0 3 6 14 14 7 0 4 4 7 7 7 7 0 4 4 7 7 7 7 0 4 4 0 7 7 0 4 4 7 7 7 7 0 4 4 0 7 7 0 4 4 7 7 7 7 0 4 4 0 7 7 0 4 4 7 14 14 3 0 7 4 6 14 14 16 0 13 13 16 16 16 16 0 13 13 16 16 16 16 0 13 13 16 
7 7 7 7 0 4 0 3 6 14 14 7 0 4 4 7 7 7 7 0 4 4 7 7 7 7 0 4 4 0 7 7 0 4 4 7 7 7 7 0 4 4 0 7 7 0 4 4 7 7 7 7 0 4 4 0 7 7 0 4 4 7 14 14 3 0 7 4 6 14 14 16 0 13 13 16 16 16 16 0 13 13 16 16 16 16 0 13 13 16 16 16 16 
7 0 4 0 3 6 14 14 7 0 4 4 7 7 7 7 0 4 4 7 7 7 7 0 4 4 0 7 7 0 4 4 7 7 7 7 0 4 4 0 7 7 0 4 4 7 7 7 7 0 4 4 0 7 7 0 4 4 7 14 14 3 0 7 4 6 14 14 16 0 13 13 16 16 16 16 0 13 13 16 16 16 16 0 13 13 16 16 16 16 0 13 13 
3 6 14 14 7 0 4 4 7 7 7 7 0 4 4 7 7 7 7 0 4 4 0 7 7 0 4 4 7 7 7 7 0 4 4 0 7 7 0 4 4 7 7 7 7 0 4 4 0 7 7 0 4 4 7 14 14 3 0 7 4 6 14 14 16 0 13 13 16 16 16 16 0 13 13 16 16 16 16 0 13 13 16 16 16 16 0 13 13 2 14 16 
7 0 4 4 7 7 7 7 0 4 4 7 7 7 7 0 4 4 0 7 7 0 4 4 7 7 7 7 0 4 4 0 7 7 0 4 4 7 7 7 7 0 4 4 0 7 7 0 4 4 7 14 14 3 0 7 4 6 14 14 16 0 13 13 16 16 16 16 0 13 13 16 16 16 16 0 13 13 16 16 16 16 0 13 13 2 14 16 0 13 13 
4 7 7 7 7 0 4 4 7 7 7 7 0 4 4 0 7 7 0 4 4 7 7 7 7 0 4 4 0 7 7 0 4 4 7 7 7 7 0 4 4 0 7 7 0 4 4 7 14 14 3 0 7 4 6 14 14 16 0 13 13 16 16 16 16 0 13 13 16 16 16 16 0 13 13 16 16 16 16 0 13 13 2 14 16 0 13 13 16 16 16 
7 0 4 4 7 7 7 7 0 4 4 0 7 7 0 4 4 7 7 7 7 0 4 4 0 7 7 0 4 4 7 7 7 7 0 4 4 0 7 7 0 4 4 7 14 14 3 0 7 4 6 14 14 16 0 13 13 16 16 16 16 0 13 13 16 16 16 16 0 13 13 16 16 16 16 0 13 13 2 14 16 0 13 13 16 16 16 16 0 13 
4 7 7 7 7 0 4 4 0 7 7 0 4 4 7 7 7 7 0 4 4 0 7 7 0 4 4 7 7 7 7 0 4 4 0 7 7 0 4 4 7 14 14 3 0 7 4 6 14 14 16 0 13 13 16 16 16 16 0 13 13 16 16 16 16 0 13 13 16 16 16 16 0 13 13 2 14 16 0 13 13 16 16 16 16 0 13 13 16 16 16 
7 7 7 0 4 4 0 7 7 0 4 4 7 7 7 7 0 4 4 0 7 7 0 4 4 7 7 7 7 0 4 4 0 7 7 0 4 4 7 14 14 3 0 7 4 6 14 14 16 0 13 13 16 16 16 16 0 13 13 16 16 16 16 0 13 13 16 16 16 16 0 13 13 2 14 16 0 13 13 16 16 16 16 0 13 13 16 16 16 16 0 13 
0 4 4 0 7 7 0 4 4 7 7 7 7 0 4 4 0 7 7 0 4 4 7 7 7 7 0 4 4 0 7 7 0 4 4 7 14 14 3 0 7 4 6 14 14 16 0 13 13 16 16 16 16 0 13 13 16 16 16 16 0 13 13 16 16 16 16 0 13 13 2 14 16 0 13 13 16 16 16 16 0 13 13 16 16 16 16 0 13 13 16 16 16 
0 7 7 0 4 4 7 7 7 7 0 4 4 0 7 7 0 4 4 7 7 7 7 0 4 4 0 7 7 0 4 4 7 14 14 3 0 7 4 6 14 14 16 0 13 13 16 16 16 16 0 13 13 16 16 16 16 0 13 13 16 16 16 16 0 13 13 2 14 16 0 13 13 16 16 16 16 0 13 13 16 16 16 16 0 13 13 16 16 16 16 16 
0 4 4 7 7 7 7 0 4 4 0 7 7 0 4 4 7 7 7 7 0 4 4 0 7 7 0 4 4 7 14 14 3 0 7 4 6 14 14 16 0 13 13 16 16 16 16 0 13 13 16 16 16 16 0 13 13 16 16 16 16 0 13 13 2 14 16 0 13 13 16 16 16 16 0 13 13 16 16 16 16 0 13 13 16 16 16 16 16 16 13 13 16 
7 7 7 7 0 4 4 0 7 7 0 4 4 7 7 7 7 0 4 4 0 7 7 0 4 4 7 14 14 3 0 7 4 6 14 14 16 0 13 13 16 16 16 16 0 13 13 16 16 16 16 0 13 13 16 16 16 16 0 13 13 2 14 16 0 13 13 16 16 16 16 0 13 13 16 16 16 16 0 13 13 16 16 16 16 16 16 13 13 16 16 16 16 
7 0 4 4 0 7 7 0 4 4 7 7 7 7 0 4 4 0 7 7 0 4 4 7 14 14 3 0 7 4 6 14 14 16 0 13 13 16 16 16 16 0 13 13 16 16 16 16 0 13 13 16 16 16 16 0 13 13 2 14 16 0 13 13 16 16 16 16 0 13 13 16 16 16 16 0 13 13 16 16 16 16 16 16 13 13 16 16 16 16 0 0 
4 0 7 7 0 4 4 7 7 7 7 0 4 4 0 7 7 0 4 4 7 14 14 3 0 7 4 6 14 14 16 0 13 13 16 16 16 16 0 13 13 16 16 16 16 0 13 13 16 16 16 16 0 13 13 2 14 16 0 13 13 16 16 16 16 0 13 13 16 16 16 16 0 13 13 16 16 16 16 16 16 13 13 16 16 16 16 0 0 16 16 16 16 
7 0 4 4 7 7 7 7 0 4 4 0 7 7 0 4 4 7 14 14 3 0 7 4 6 14 14 16 0 13 13 16 16 16 16 0 13 13 16 16 16 16 0 13 13 16 16 16 16 0 13 13 2 14 16 0 13 13 16 16 16 16 0 13 13 16 16 16 16 0 13 13 16 16 16 16 16 16 13 13 16 16 16 16 0 0 16 16 16 16 0 0 
4 7 7 7 7 0 4 4 0 7 7 0 4 4 7 14 14 3 0 7 4 6 14 14 16 0 13 13 16 16 16 16 0 13 13 16 16 16 16 0 13 13 16 16 16 16 0 13 13 2 14 16 0 13 13 16 16 16 16 0 13 13 16 16 16 16 0 13 13 16 16 16 16 16 16 13 13 16 16 16 16 0 0 16 16 16 16 0 0 0 16 
7 0 4 4 0 7 7 0 4 4 7 14 14 3 0 7 4 6 14 14 16 0 13 13 16 16 16 16 0 13 13 16 16 16 16 0 13 13 16 16 16 16 0 13 13 2 14 16 0 13 13 16 16 16 16 0 13 13 16 16 16 16 0 13 13 16 16 16 16 16 16 13 13 16 16 16 16 0 0 16 16 16 16 0 0 0 16 16 
4 0 7 7 0 4 4 7 14 14 3 0 7 4 6 14 14 16 0 13 13 16 16 16 16 0 13 13 16 16 16 16 0 13 13 16 16 16 16 0 13 13 2 14 16 0 13 13 16 16 16 16 0 13 13 16 16 16 16 0 13 13 16 16 16 16 16 16 13 13 16 16 16 16 0 0 16 16 16 16 0 0 0 16 16 0 
0 7 7 0 4 4 7 14 14 3 0 7 4 6 14 14 16 0 13 13 16 16 16 16 0 13 13 16 16 16 16 0 13 13 16 16 16 16 0 13 13 2 14 16 0 13 13 16 16 16 16 0 13 13 16 16 16 16 0 13 13 16 16 16 16 16 16 13 13 16 16 16 16 0 0 16 16 16 16 0 0 0 16 16 0 0 
0 4 4 7 14 14 3 0 7 4 6 14 14 16 0 13 13 16 16 16 16 0 13 13 16 16 16 16 0 13 13 16 16 16 16 0 13 13 2 14 16 0 13 13 16 16 16 16 0 13 13 16 16 16 16 0 13 13 16 16 16 16 16 16 13 13 16 16 16 16 0 0 16 16 16 16 0 0 0 16 16 0 0 0 
7 14 14 3 0 7 4 6 14 14 16 0 13 13 16 16 16 16 0 13 13 16 16 16 16 0 13 13 16 16 16 16 0 13 13 2 14 16 0 13 13 16 16 16 16 0 13 13 16 16 16 16 0 13 13 16 16 16 16 16 16 13 13 16 16 16 16 0 0 16 16 16 16 0 0 0 16 16 0 0 0 
3 0 7 4 6 14 14 16 0 13 13 16 16 16 16 0 13 13 16 16 16 16 0 13 13 16 16 16 16 0 13 13 2 14 16 0 13 13 16 16 16 16 0 13 13 16 16 16 16 0 13 13 16 16 16 16 16 16 13 13 16 16 16 16 0 0 16 16 16 16 0 0 0 16 16 0 0 0 2 14 14 14 
6 14 14 16 0 13 13 16 16 16 16 0 13 13 16 16 16 16 0 13 13 16 16 16 16 0 13 13 2 14 16 0 13 13 16 16 16 16 0 13 13 16 16 16 16 0 13 13 16 16 16 16 16 16 13 13 16 16 16 16 0 0 16 16 16 16 0 0 0 16 16 0 0 0 2 14 14 14 14 14 
16 0 13 13 16 16 16 16 0 13 13 16 16 16 16 0 13 13 16 16 16 16 0 13 13 2 14 16 0 13 13 16 16 16 16 0 13 13 16 16 16 16 0 13 13 16 16 16 16 16 16 13 13 16 16 16 16 0 0 16 16 16 16 0 0 0 16 16 0 0 0 2 14 14 14 14 14 3 
13 16 16 16 16 0 13 13 16 16 16 16 0 13 13 16 16 16 16 0 13 13 2 14 16 0 13 13 16 16 16 16 0 13 13 16 16 16 16 0 13 13 16 16 16 16 16 16 13 13 16 16 16 16 0 0 16 16 16 16 0 0 0 16 16 0 0 0 2 14 14 14 14 14 3 3 16 16 
16 0 13 13 16 16 16 16 0 13 13 16 16 16 16 0 13 13 2 14 16 0 13 13 16 16 16 16 0 13 13 16 16 16 16 0 13 13 16 16 16 16 16 16 13 13 16 16 16 16 0 0 16 16 16 16 0 0 0 16 16 0 0 0 2 14 14 14 14 14 3 3 16 16 16 
13 16 16 16 16 0 13 13 16 16 16 16 0 13 13 2 14 16 0 13 13 16 16 16 16 0 13 13 16 16 16 16 0 13 13 16 16 16 16 16 16 13 13 16 16 16 16 0 0 16 16 16 16 0 0 0 16 16 0 0 0 2 14 14 14 14 14 3 3 16 16 16 0 
16 0 13 13 16 16 16 16 0 13 13 2 14 16 0 13 13 16 16 16 16 0 13 13 16 16 16 16 0 13 13 16 16 16 16 16 16 13 13 16 16 16 16 0 0 16 16 16 16 0 0 0 16 16 0 0 0 2 14 14 14 14 14 3 3 16 16 16 0 0 
13 16 16 16 16 0 13 13 2 14 16 0 13 13 16 16 16 16 0 13 13 16 16 16 16 0 13 13 16 16 16 16 16 16 13 13 16 16 16 16 0 0 16 16 16 16 0 0 0 16 16 0 0 0 2 14 14 14 14 14 3 3 16 16 16 0 0 0 
16 16 16 0 13 13 2 14 16 0 13 13 16 16 16 16 0 13 13 16 16 16 16 0 13 13 16 16 16 16 16 16 13 13 16 16 16 16 0 0 16 16 16 16 0 0 0 16 16 0 0 0 2 14 14 14 14 14 3 3 16 16 16 0 0 0 2 14 
0 13 13 2 14 16 0 13 13 16 16 16 16 0 13 13 16 16 16 16 0 13 13 16 16 16 16 16 16 13 13 16 16 16 16 0 0 16 16 16 16 0 0 0 16 16 0 0 0 2 14 14 14 14 14 3 3 16 16 16 0 0 0 2 14 14 14 14 14 
2 14 16 0 13 13 16 16 16 16 0 13 13 16 16 16 16 0 13 13 16 16 16 16 16 16 13 13 16 16 16 16 0 0 16 16 16 16 0 0 0 16 16 0 0 0 2 14 14 14 14 14 3 3 16 16 16 0 0 0 2 14 14 14 14 14 
0 13 13 16 16 16 16 0 13 13 16 16 16 16 0 13 13 16 16 16 16 16 16 13 13 16 16 16 16 0 0 16 16 16 16 0 0 0 16 16 0 0 0 2 14 14 14 14 14 3 3 16 16 16 0 0 0 2 14 14 14 14 14 16 13 
16 16 16 16 0 13 13 16 16 16 16 0 13 13 16 16 16 16 16 16 13 13 16 16 16 16 0 0 16 16 16 16 0 0 0 16 16 0 0 0 2 14 14 14 14 14 3 3 16 16 16 0 0 0 2 14 14 14 14 14 16 13 11 14 14 14 
16 0 13 13 16 16 16 16 0 13 13 16 16 16 16 16 16 13 13 16 16 16 16 0 0 16 16 16 16 0 0 0 16 16 0 0 0 2 14 14 14 14 14 3 3 16 16 16 0 0 0 2 14 14 14 14 14 16 13 11 14 14 14 14 14 14 14 
13 16 16 16 16 0 13 13 16 16 16 16 16 16 13 13 16 16 16 16 0 0 16 16 16 16 0 0 0 16 16 0 0 0 2 14 14 14 14 14 3 3 16 16 16 0 0 0 2 14 14 14 14 14 16 13 11 14 14 14 14 14 14 14 14 14 14 14 
16 0 13 13 16 16 16 16 16 16 13 13 16 16 16 16 0 0 16 16 16 16 0 0 0 16 16 0 0 0 2 14 14 14 14 14 3 3 16 16 16 0 0 0 2 14 14 14 14 14 16 13 11 14 14 14 14 14 14 14 14 14 14 14 14 14 14 14 
13 16 16 16 16 16 16 13 13 16 16 16 16 0 0 16 16 16 16 0 0 0 16 16 0 0 0 2 14 14 14 14 14 3 3 16 16 16 0 0 0 2 14 14 14 14 14 16 13 11 14 14 14 14 14 14 14 14 14 14 14 14 14 14 14 
16 16 16 13 13 16 16 16 16 0 0 16 16 16 16 0 0 0 16 16 0 0 0 2 14 14 14 14 14 3 3 16 16 16 0 0 0 2 14 14 14 14 14 16 13 11 14 14 14 14 14 14 14 14 14 14 14 14 14 14 14 
16 13 13 16 16 16 16 0 0 16 16 16 16 0 0 0 16 16 0 0 0 2 14 14 14 14 14 3 3 16 16 16 0 0 0 2 14 14 14 14 14 16 13 11 14 14 14 14 14 14 14 14 14 14 14 14 14 14 14 
16 16 16 0 0 16 16 16 16 0 0 0 16 16 0 0 0 2 14 14 14 14 14 3 3 16 16 16 0 0 0 2 14 14 14 14 14 16 13 11 14 14 14 14 14 14 14 14 14 14 14 14 14 14 14 
0 0 16 16 16 16 0 0 0 16 16 0 0 0 2 14 14 14 14 14 3 3 16 16 16 0 0 0 2 14 14 14 14 14 16 13 11 14 14 14 14 14 14 14 14 14 14 14 14 14 14 14 
16 16 16 16 0 0 0 16 16 0 0 0 2 14 14 14 14 14 3 3 16 16 16 0 0 0 2 14 14 14 14 14 16 13 11 14 14 14 14 14 14 14 14 14 14 14 14 14 14 14 
0 0 0 16 16 0 0 0 2 14 14 14 14 14 3 3 16 16 16 0 0 0 2 14 14 14 14 14 16 13 11 14 14 14 14 14 14 14 14 14 14 14 14 14 14 14 
0 16 16 0 0 0 2 14 14 14 14 14 3 3 16 16 16 0 0 0 2 14 14 14 14 14 16 13 11 14 14 14 14 14 14 14 14 14 14 14 14 14 14 14 
16 0 0 0 2 14 14 14 14 14 3 3 16 16 16 0 0 0 2 14 14 14 14 14 16 13 11 14 14 14 14 14 14 14 14 14 14 14 14 14 14 14 
0 0 0 2 14 14 14 14 14 3 3 16 16 16 0 0 0 2 14 14 14 14 14 16 13 11 14 14 14 14 14 14 14 14 14 14 14 14 14 14 14 
0 0 2 14 14 14 14 14 3 3 16 16 16 0 0 0 2 14 14 14 14 14 16 13 11 14 14 14 14 14 14 14 14 14 14 14 14 14 14 14 
0 2 14 14 14 14 14 3 3 16 16 16 0 0 0 2 14 14 14 14 14 16 13 11 14 14 14 14 14 14 14 14 14 14 14 14 14 14 14 
2 14 14 14 14 14 3 3 16 16 16 0 0 0 2 14 14 14 14 14 16 13 11 14 14 14 14 14 14 14 14 14 14 14 14 14 14 14 10 
2 14 14 14 14 14 3 3 16 16 16 0 0 0 2 14 14 14 14 14 16 13 11 14 14 14 14 14 14 14 14 14 14 14 14 14 14 14 10 4 8 14 
14 14 3 3 16 16 16 0 0 0 2 14 14 14 14 14 16 13 11 14 14 14 14 14 14 14 14 14 14 14 14 14 14 14 10 4 8 14 16 0 13 
3 3 16 16 16 0 0 0 2 14 14 14 14 14 16 13 11 14 14 14 14 14 14 14 14 14 14 14 14 14 14 14 10 4 8 14 16 0 13 13 16 16 16 
3 16 16 16 0 0 0 2 14 14 14 14 14 16 13 11 14 14 14 14 14 14 14 14 14 14 14 14 14 14 14 10 4 8 14 16 0 13 13 16 16 16 16 
16 0 0 0 2 14 14 14 14 14 16 13 11 14 14 14 14 14 14 14 14 14 14 14 14 14 14 14 10 4 8 14 16 0 13 13 16 16 16 16 0 13 13 
0 0 0 2 14 14 14 14 14 16 13 11 14 14 14 14 14 14 14 14 14 14 14 14 14 14 14 10 4 8 14 16 0 13 13 16 16 16 16 0 13 13 0 16 16 
0 0 2 14 14 14 14 14 16 13 11 14 14 14 14 14 14 14 14 14 14 14 14 14 14 14 10 4 8 14 16 0 13 13 16 16 16 16 0 13 13 0 16 16 0 13 13 
0 2 14 14 14 14 14 16 13 11 14 14 14 14 14 14 14 14 14 14 14 14 14 14 14 10 4 8 14 16 0 13 13 16 16 16 16 0 13 13 0 16 16 0 13 13 16 16 16 16 
2 14 14 14 14 14 16 13 11 14 14 14 14 14 14 14 14 14 14 14 14 14 14 14 10 4 8 14 16 0 13 13 16 16 16 16 0 13 13 0 16 16 0 13 13 16 16 16 16 13 0 7 
14 14 14 14 16 13 11 14 14 14 14 14 14 14 14 14 14 14 14 14 14 14 10 4 8 14 16 0 13 13 16 16 16 16 0 13 13 0 16 16 0 13 13 16 16 16 16 13 0 7 4 6 14 14 
16 13 11 14 14 14 14 14 14 14 14 14 14 14 14 14 14 14 10 4 8 14 16 0 13 13 16 16 16 16 0 13 13 0 16 16 0 13 13 16 16 16 16 13 0 7 4 6 14 14 16 0 0 13 
16 13 11 14 14 14 14 14 14 14 14 14 14 14 14 14 14 14 10 4 8 14 16 0 13 13 16 16 16 16 0 13 13 0 16 16 0 13 13 16 16 16 16 13 0 7 4 6 14 14 16 0 0 13 13 16 16 16 
11 14 14 14 14 14 14 14 14 14 14 14 14 14 14 14 10 4 8 14 16 0 13 13 16 16 16 16 0 13 13 0 16 16 0 13 13 16 16 16 16 13 0 7 4 6 14 14 16 0 0 13 13 16 16 16 16 0 13 
14 14 14 14 14 14 14 14 14 14 14 14 10 4 8 14 16 0 13 13 16 16 16 16 0 13 13 0 16 16 0 13 13 16 16 16 16 13 0 7 4 6 14 14 16 0 0 13 13 16 16 16 16 0 13 13 16 16 16 
14 14 14 14 14 14 14 14 10 4 8 14 16 0 13 13 16 16 16 16 0 13 13 0 16 16 0 13 13 16 16 16 16 13 0 7 4 6 14 14 16 0 0 13 13 16 16 16 16 0 13 13 16 16 16 16 
14 14 14 14 10 4 8 14 16 0 13 13 16 16 16 16 0 13 13 0 16 16 0 13 13 16 16 16 16 13 0 7 4 6 14 14 16 0 0 13 13 16 16 16 16 0 13 13 16 16 16 16 0 13 13 16 
10 4 8 14 16 0 13 13 16 16 16 16 0 13 13 0 16 16 0 13 13 16 16 16 16 13 0 7 4 6 14 14 16 0 0 13 13 16 16 16 16 0 13 13 16 16 16 16 0 13 13 16 16 16 16 16 
10 4 8 14 16 0 13 13 16 16 16 16 0 13 13 0 16 16 0 13 13 16 16 16 16 13 0 7 4 6 14 14 16 0 0 13 13 16 16 16 16 0 13 13 16 16 16 16 0 13 13 16 16 16 16 16 14 11 3 6 
10 4 8 14 16 0 13 13 16 16 16 16 0 13 13 0 16 16 0 13 13 16 16 16 16 13 0 7 4 6 14 14 16 0 0 13 13 16 16 16 16 0 13 13 16 16 16 16 0 13 13 16 16 16 16 16 14 11 3 6 6 14 14 16 
10 4 8 14 16 0 13 13 16 16 16 16 0 13 13 0 16 16 0 13 13 16 16 16 16 13 0 7 4 6 14 14 16 0 0 13 13 16 16 16 16 0 13 13 16 16 16 16 0 13 13 16 16 16 16 16 14 11 3 6 6 14 14 16 16 16 13 
10 4 8 14 16 0 13 13 16 16 16 16 0 13 13 0 16 16 0 13 13 16 16 16 16 13 0 7 4 6 14 14 16 0 0 13 13 16 16 16 16 0 13 13 16 16 16 16 0 13 13 16 16 16 16 16 14 11 3 6 6 14 14 16 16 16 13 13 16 16 16 
10 4 8 14 16 0 13 13 16 16 16 16 0 13 13 0 16 16 0 13 13 16 16 16 16 13 0 7 4 6 14 14 16 0 0 13 13 16 16 16 16 0 13 13 16 16 16 16 0 13 13 16 16 16 16 16 14 11 3 6 6 14 14 16 16 16 13 13 16 16 16 16 0 13 
10 4 8 14 16 0 13 13 16 16 16 16 0 13 13 0 16 16 0 13 13 16 16 16 16 13 0 7 4 6 14 14 16 0 0 13 13 16 16 16 16 0 13 13 16 16 16 16 0 13 13 16 16 16 16 16 14 11 3 6 6 14 14 16 16 16 13 13 16 16 16 16 0 13 13 0 16 
10 4 8 14 16 0 13 13 16 16 16 16 0 13 13 0 16 16 0 13 13 16 16 16 16 13 0 7 4 6 14 14 16 0 0 13 13 16 16 16 16 0 13 13 16 16 16 16 0 13 13 16 16 16 16 16 14 11 3 6 6 14 14 16 16 16 13 13 16 16 16 16 0 13 13 0 16 16 0 13 
10 4 8 14 16 0 13 13 16 16 16 16 0 13 13 0 16 16 0 13 13 16 16 16 16 13 0 7 4 6 14 14 16 0 0 13 13 16 16 16 16 0 13 13 16 16 16 16 0 13 13 16 16 16 16 16 14 11 3 6 6 14 14 16 16 16 13 13 16 16 16 16 0 13 13 0 16 16 0 13 13 16 16 16 
10 4 8 14 16 0 13 13 16 16 16 16 0 13 13 0 16 16 0 13 13 16 16 16 16 13 0 7 4 6 14 14 16 0 0 13 13 16 16 16 16 0 13 13 16 16 16 16 0 13 13 16 16 16 16 16 14 11 3 6 6 14 14 16 16 16 13 13 16 16 16 16 0 13 13 0 16 16 0 13 13 16 16 16 16 16 
10 4 8 14 16 0 13 13 16 16 16 16 0 13 13 0 16 16 0 13 13 16 16 16 16 13 0 7 4 6 14 14 16 0 0 13 13 16 16 16 16 0 13 13 16 16 16 16 0 13 13 16 16 16 16 16 14 11 3 6 6 14 14 16 16 16 13 13 16 16 16 16 0 13 13 0 16 16 0 13 13 16 16 16 16 16 16 13 10 7 6 
10 4 8 14 16 0 13 13 16 16 16 16 0 13 13 0 16 16 0 13 13 16 16 16 16 13 0 7 4 6 14 14 16 0 0 13 13 16 16 16 16 0 13 13 16 16 16 16 0 13 13 16 16 16 16 16 14 11 3 6 6 14 14 16 16 16 13 13 16 16 16 16 0 13 13 0 16 16 0 13 13 16 16 16 16 16 16 13 10 7 6 14 14 16 
10 4 8 14 16 0 13 13 16 16 16 16 0 13 13 0 16 16 0 13 13 16 16 16 16 13 0 7 4 6 14 14 16 0 0 13 13 16 16 16 16 0 13 13 16 16 16 16 0 13 13 16 16 16 16 16 14 11 3 6 6 14 14 16 16 16 13 13 16 16 16 16 0 13 13 0 16 16 0 13 13 16 16 16 16 16 16 13 10 7 6 14 14 16 16 16 13 13 
4 8 14 16 0 13 13 16 16 16 16 0 13 13 0 16 16 0 13 13 16 16 16 16 13 0 7 4 6 14 14 16 0 0 13 13 16 16 16 16 0 13 13 16 16 16 16 0 13 13 16 16 16 16 16 14 11 3 6 6 14 14 16 16 16 13 13 16 16 16 16 0 13 13 0 16 16 0 13 13 16 16 16 16 16 16 13 10 7 6 14 14 16 16 16 13 13 16 16 16 16 
16 0 13 13 16 16 16 16 0 13 13 0 16 16 0 13 13 16 16 16 16 13 0 7 4 6 14 14 16 0 0 13 13 16 16 16 16 0 13 13 16 16 16 16 0 13 13 16 16 16 16 16 14 11 3 6 6 14 14 16 16 16 13 13 16 16 16 16 0 13 13 0 16 16 0 13 13 16 16 16 16 16 16 13 10 7 6 14 14 16 16 16 13 13 16 16 16 16 0 13 
13 16 16 16 16 0 13 13 0 16 16 0 13 13 16 16 16 16 13 0 7 4 6 14 14 16 0 0 13 13 16 16 16 16 0 13 13 16 16 16 16 0 13 13 16 16 16 16 16 14 11 3 6 6 14 14 16 16 16 13 13 16 16 16 16 0 13 13 0 16 16 0 13 13 16 16 16 16 16 16 13 10 7 6 14 14 16 16 16 13 13 16 16 16 16 0 13 13 16 16 16 
16 0 13 13 0 16 16 0 13 13 16 16 16 16 13 0 7 4 6 14 14 16 0 0 13 13 16 16 16 16 0 13 13 16 16 16 16 0 13 13 16 16 16 16 16 14 11 3 6 6 14 14 16 16 16 13 13 16 16 16 16 0 13 13 0 16 16 0 13 13 16 16 16 16 16 16 13 10 7 6 14 14 16 16 16 13 13 16 16 16 16 0 13 13 16 16 16 16 0 13 
0 13 13 0 16 16 0 13 13 16 16 16 16 13 0 7 4 6 14 14 16 0 0 13 13 16 16 16 16 0 13 13 16 16 16 16 0 13 13 16 16 16 16 16 14 11 3 6 6 14 14 16 16 16 13 13 16 16 16 16 0 13 13 0 16 16 0 13 13 16 16 16 16 16 16 13 10 7 6 14 14 16 16 16 13 13 16 16 16 16 0 13 13 16 16 16 16 0 13 13 16 16 16 
0 16 16 0 13 13 16 16 16 16 13 0 7 4 6 14 14 16 0 0 13 13 16 16 16 16 0 13 13 16 16 16 16 0 13 13 16 16 16 16 16 14 11 3 6 6 14 14 16 16 16 13 13 16 16 16 16 0 13 13 0 16 16 0 13 13 16 16 16 16 16 16 13 10 7 6 14 14 16 16 16 13 13 16 16 16 16 0 13 13 16 16 16 16 0 13 13 16 16 16 14 14 16 16 3 
0 13 13 16 16 16 16 13 0 7 4 6 14 14 16 0 0 13 13 16 16 16 16 0 13 13 16 16 16 16 0 13 13 16 16 16 16 16 14 11 3 6 6 14 14 16 16 16 13 13 16 16 16 16 0 13 13 0 16 16 0 13 13 16 16 16 16 16 16 13 10 7 6 14 14 16 16 16 13 13 16 16 16 16 0 13 13 16 16 16 16 0 13 13 16 16 16 14 14 16 16 3 7 4 8 14 14 14 
16 16 16 16 13 0 7 4 6 14 14 16 0 0 13 13 16 16 16 16 0 13 13 16 16 16 16 0 13 13 16 16 16 16 16 14 11 3 6 6 14 14 16 16 16 13 13 16 16 16 16 0 13 13 0 16 16 0 13 13 16 16 16 16 16 16 13 10 7 6 14 14 16 16 16 13 13 16 16 16 16 0 13 13 16 16 16 16 0 13 13 16 16 16 14 14 16 16 3 7 4 8 14 14 14 16 0 
13 0 7 4 6 14 14 16 0 0 13 13 16 16 16 16 0 13 13 16 16 16 16 0 13 13 16 16 16 16 16 14 11 3 6 6 14 14 16 16 16 13 13 16 16 16 16 0 13 13 0 16 16 0 13 13 16 16 16 16 16 16 13 10 7 6 14 14 16 16 16 13 13 16 16 16 16 0 13 13 16 16 16 16 0 13 13 16 16 16 14 14 16 16 3 7 4 8 14 14 14 16 0 0 13 13 16 
6 14 14 16 0 0 13 13 16 16 16 16 0 13 13 16 16 16 16 0 13 13 16 16 16 16 16 14 11 3 6 6 14 14 16 16 16 13 13 16 16 16 16 0 13 13 0 16 16 0 13 13 16 16 16 16 16 16 13 10 7 6 14 14 16 16 16 13 13 16 16 16 16 0 13 13 16 16 16 16 0 13 13 16 16 16 14 14 16 16 3 7 4 8 14 14 14 16 0 0 13 13 16 16 16 16 
16 0 0 13 13 16 16 16 16 0 13 13 16 16 16 16 0 13 13 16 16 16 16 16 14 11 3 6 6 14 14 16 16 16 13 13 16 16 16 16 0 13 13 0 16 16 0 13 13 16 16 16 16 16 16 13 10 7 6 14 14 16 16 16 13 13 16 16 16 16 0 13 13 16 16 16 16 0 13 13 16 16 16 14 14 16 16 3 7 4 8 14 14 14 16 0 0 13 13 16 16 16 16 0 13 13 
13 16 16 16 16 0 13 13 16 16 16 16 0 13 13 16 16 16 16 16 14 11 3 6 6 14 14 16 16 16 13 13 16 16 16 16 0 13 13 0 16 16 0 13 13 16 16 16 16 16 16 13 10 7 6 14 14 16 16 16 13 13 16 16 16 16 0 13 13 16 16 16 16 0 13 13 16 16 16 14 14 16 16 3 7 4 8 14 14 14 16 0 0 13 13 16 16 16 16 0 13 13 16 16 16 16 
16 0 13 13 16 16 16 16 0 13 13 16 16 16 16 16 14 11 3 6 6 14 14 16 16 16 13 13 16 16 16 16 0 13 13 0 16 16 0 13 13 16 16 16 16 16 16 13 10 7 6 14 14 16 16 16 13 13 16 16 16 16 0 13 13 16 16 16 16 0 13 13 16 16 16 14 14 16 16 3 7 4 8 14 14 14 16 0 0 13 13 16 16 16 16 0 13 13 16 16 16 16 0 13 
13 16 16 16 16 0 13 13 16 16 16 16 16 14 11 3 6 6 14 14 16 16 16 13 13 16 16 16 16 0 13 13 0 16 16 0 13 13 16 16 16 16 16 16 13 10 7 6 14 14 16 16 16 13 13 16 16 16 16 0 13 13 16 16 16 16 0 13 13 16 16 16 14 14 16 16 3 7 4 8 14 14 14 16 0 0 13 13 16 16 16 16 0 13 13 16 16 16 16 0 13 13 16 16 16 
16 0 13 13 16 16 16 16 16 14 11 3 6 6 14 14 16 16 16 13 13 16 16 16 16 0 13 13 0 16 16 0 13 13 16 16 16 16 16 16 13 10 7 6 14 14 16 16 16 13 13 16 16 16 16 0 13 13 16 16 16 16 0 13 13 16 16 16 14 14 16 16 3 7 4 8 14 14 14 16 0 0 13 13 16 16 16 16 0 13 13 16 16 16 16 0 13 13 16 16 16 16 16 16 13 
0 13 13 16 16 16 16 16 14 11 3 6 6 14 14 16 16 16 13 13 16 16 16 16 0 13 13 0 16 16 0 13 13 16 16 16 16 16 16 13 10 7 6 14 14 16 16 16 13 13 16 16 16 16 0 13 13 16 16 16 16 0 13 13 16 16 16 14 14 16 16 3 7 4 8 14 14 14 16 0 0 13 13 16 16 16 16 0 13 13 16 16 16 16 0 13 13 16 16 16 16 16 16 13 13 2 14 
16 16 16 16 14 11 3 6 6 14 14 16 16 16 13 13 16 16 16 16 0 13 13 0 16 16 0 13 13 16 16 16 16 16 16 13 10 7 6 14 14 16 16 16 13 13 16 16 16 16 0 13 13 16 16 16 16 0 13 13 16 16 16 14 14 16 16 3 7 4 8 14 14 14 16 0 0 13 13 16 16 16 16 0 13 13 16 16 16 16 0 13 13 16 16 16 16 16 16 13 13 2 14 16 16 16 13 
14 11 3 6 6 14 14 16 16 16 13 13 16 16 16 16 0 13 13 0 16 16 0 13 13 16 16 16 16 16 16 13 10 7 6 14 14 16 16 16 13 13 16 16 16 16 0 13 13 16 16 16 16 0 13 13 16 16 16 14 14 16 16 3 7 4 8 14 14 14 16 0 0 13 13 16 16 16 16 0 13 13 16 16 16 16 0 13 13 16 16 16 16 16 16 13 13 2 14 16 16 16 13 13 16 16 16 
6 14 14 16 16 16 13 13 16 16 16 16 0 13 13 0 16 16 0 13 13 16 16 16 16 16 16 13 10 7 6 14 14 16 16 16 13 13 16 16 16 16 0 13 13 16 16 16 16 0 13 13 16 16 16 14 14 16 16 3 7 4 8 14 14 14 16 0 0 13 13 16 16 16 16 0 13 13 16 16 16 16 0 13 13 16 16 16 16 16 16 13 13 2 14 16 16 16 13 13 16 16 16 16 
16 16 13 13 16 16 16 16 0 13 13 0 16 16 0 13 13 16 16 16 16 16 16 13 10 7 6 14 14 16 16 16 13 13 16 16 16 16 0 13 13 16 16 16 16 0 13 13 16 16 16 14 14 16 16 3 7 4 8 14 14 14 16 0 0 13 13 16 16 16 16 0 13 13 16 16 16 16 0 13 13 16 16 16 16 16 16 13 13 2 14 16 16 16 13 13 16 16 16 16 0 13 13 
13 16 16 16 16 0 13 13 0 16 16 0 13 13 16 16 16 16 16 16 13 10 7 6 14 14 16 16 16 13 13 16 16 16 16 0 13 13 16 16 16 16 0 13 13 16 16 16 14 14 16 16 3 7 4 8 14 14 14 16 0 0 13 13 16 16 16 16 0 13 13 16 16 16 16 0 13 13 16 16 16 16 16 16 13 13 2 14 16 16 16 13 13 16 16 16 16 0 13 13 0 16 16 
16 0 13 13 0 16 16 0 13 13 16 16 16 16 16 16 13 10 7 6 14 14 16 16 16 13 13 16 16 16 16 0 13 13 16 16 16 16 0 13 13 16 16 16 14 14 16 16 3 7 4 8 14 14 14 16 0 0 13 13 16 16 16 16 0 13 13 16 16 16 16 0 13 13 16 16 16 16 16 16 13 13 2 14 16 16 16 13 13 16 16 16 16 0 13 13 0 16 16 0 13 13 
13 0 16 16 0 13 13 16 16 16 16 16 16 13 10 7 6 14 14 16 16 16 13 13 16 16 16 16 0 13 13 16 16 16 16 0 13 13 16 16 16 14 14 16 16 3 7 4 8 14 14 14 16 0 0 13 13 16 16 16 16 0 13 13 16 16 16 16 0 13 13 16 16 16 16 16 16 13 13 2 14 16 16 16 13 13 16 16 16 16 0 13 13 0 16 16 0 13 13 16 14 14 
16 0 13 13 16 16 16 16 16 16 13 10 7 6 14 14 16 16 16 13 13 16 16 16 16 0 13 13 16 16 16 16 0 13 13 16 16 16 14 14 16 16 3 7 4 8 14 14 14 16 0 0 13 13 16 16 16 16 0 13 13 16 16 16 16 0 13 13 16 16 16 16 16 16 13 13 2 14 16 16 16 13 13 16 16 16 16 0 13 13 0 16 16 0 13 13 16 14 14 14 14 
13 16 16 16 16 16 16 13 10 7 6 14 14 16 16 16 13 13 16 16 16 16 0 13 13 16 16 16 16 0 13 13 16 16 16 14 14 16 16 3 7 4 8 14 14 14 16 0 0 13 13 16 16 16 16 0 13 13 16 16 16 16 0 13 13 16 16 16 16 16 16 13 13 2 14 16 16 16 13 13 16 16 16 16 0 13 13 0 16 16 0 13 13 16 14 14 14 14 
16 16 16 13 10 7 6 14 14 16 16 16 13 13 16 16 16 16 0 13 13 16 16 16 16 0 13 13 16 16 16 14 14 16 16 3 7 4 8 14 14 14 16 0 0 13 13 16 16 16 16 0 13 13 16 16 16 16 0 13 13 16 16 16 16 16 16 13 13 2 14 16 16 16 13 13 16 16 16 16 0 13 13 0 16 16 0 13 13 16 14 14 14 14 14 14 
16 13 10 7 6 14 14 16 16 16 13 13 16 16 16 16 0 13 13 16 16 16 16 0 13 13 16 16 16 14 14 16 16 3 7 4 8 14 14 14 16 0 0 13 13 16 16 16 16 0 13 13 16 16 16 16 0 13 13 16 16 16 16 16 16 13 13 2 14 16 16 16 13 13 16 16 16 16 0 13 13 0 16 16 0 13 13 16 14 14 14 14 14 14 
14 14 16 16 16 13 13 16 16 16 16 0 13 13 16 16 16 16 0 13 13 16 16 16 14 14 16 16 3 7 4 8 14 14 14 16 0 0 13 13 16 16 16 16 0 13 13 16 16 16 16 0 13 13 16 16 16 16 16 16 13 13 2 14 16 16 16 13 13 16 16 16 16 0 13 13 0 16 16 0 13 13 16 14 14 14 14 14 14 
16 13 13 16 16 16 16 0 13 13 16 16 16 16 0 13 13 16 16 16 14 14 16 16 3 7 4 8 14 14 14 16 0 0 13 13 16 16 16 16 0 13 13 16 16 16 16 0 13 13 16 16 16 16 16 16 13 13 2 14 16 16 16 13 13 16 16 16 16 0 13 13 0 16 16 0 13 13 16 14 14 14 14 14 14 
16 16 16 16 0 13 13 16 16 16 16 0 13 13 16 16 16 14 14 16 16 3 7 4 8 14 14 14 16 0 0 13 13 16 16 16 16 0 13 13 16 16 16 16 0 13 13 16 16 16 16 16 16 13 13 2 14 16 16 16 13 13 16 16 16 16 0 13 13 0 16 16 0 13 13 16 14 14 14 14 14 14 
0 13 13 16 16 16 16 0 13 13 16 16 16 14 14 16 16 3 7 4 8 14 14 14 16 0 0 13 13 16 16 16 16 0 13 13 16 16 16 16 0 13 13 16 16 16 16 16 16 13 13 2 14 16 16 16 13 13 16 16 16 16 0 13 13 0 16 16 0 13 13 16 14 14 14 14 14 14 
13 16 16 16 16 0 13 13 16 16 16 14 14 16 16 3 7 4 8 14 14 14 16 0 0 13 13 16 16 16 16 0 13 13 16 16 16 16 0 13 13 16 16 16 16 16 16 13 13 2 14 16 16 16 13 13 16 16 16 16 0 13 13 0 16 16 0 13 13 16 14 14 14 14 14 14 
16 0 13 13 16 16 16 14 14 16 16 3 7 4 8 14 14 14 16 0 0 13 13 16 16 16 16 0 13 13 16 16 16 16 0 13 13 16 16 16 16 16 16 13 13 2 14 16 16 16 13 13 16 16 16 16 0 13 13 0 16 16 0 13 13 16 14 14 14 14 14 14 
