3 3 14 17 3 21 10 10 2 19 10 6 7 10 16 4 27 0 7 15 7 0 10 16 6 5 5 10 17 12 19 21 9 10 15 9 15 1 21 15 9 13 20 20 3 17 12 13 16 10 7 7 9 6 7 9 7 20 14 17 4 19 7 16 35 0 29 27 9 18 10 2 19 20 20 10 2 17 8 6 4 11 12 19 21 9 10 15 9 15 1 21 15 4 0 20 17 5 12 5 6 16 5 
3 3 14 17 3 21 10 10 2 19 10 6 7 10 16 4 27 0 7 15 7 0 10 16 6 5 5 10 17 12 19 21 9 10 15 9 15 1 21 15 9 13 20 20 3 17 12 13 16 10 7 7 9 6 7 9 7 20 14 17 4 19 7 16 35 0 29 27 9 18 10 2 19 20 20 10 2 17 8 6 4 11 12 19 21 9 10 15 9 15 1 21 15 4 0 20 17 5 12 5 6 16 5 3 19 16 9 15 3 14 
3 3 14 17 3 21 10 10 2 19 10 6 7 10 16 4 27 0 7 15 7 0 10 16 6 5 5 10 17 12 19 21 9 10 15 9 15 1 21 15 9 13 20 20 3 17 12 13 16 10 7 7 9 6 7 9 7 20 14 17 4 19 7 16 35 0 29 27 9 18 10 2 19 20 20 10 2 17 8 6 4 11 12 19 21 9 10 15 9 15 1 21 15 4 0 20 17 5 12 5 6 16 5 3 19 16 9 15 3 14 17 3 15 10 
3 3 14 17 3 21 10 10 2 19 10 6 7 10 16 4 27 0 7 15 7 0 10 16 6 5 5 10 17 12 19 21 9 10 15 9 15 1 21 15 9 13 20 20 3 17 12 13 16 10 7 7 9 6 7 9 7 20 14 17 4 19 7 16 35 0 29 27 9 18 10 2 19 20 20 10 2 17 8 6 4 11 12 19 21 9 10 15 9 15 1 21 15 4 0 20 17 5 12 5 6 16 5 3 19 16 9 15 3 14 17 3 15 10 11 10 4 2 3 20 10 10 4 2 
3 3 14 17 3 21 10 10 2 19 10 6 7 10 16 4 27 0 7 15 7 0 10 16 6 5 5 10 17 12 19 21 9 10 15 9 15 1 21 15 9 13 20 20 3 17 12 13 16 10 7 7 9 6 7 9 7 20 14 17 4 19 7 16 35 0 29 27 9 18 10 2 19 20 20 10 2 17 8 6 4 11 12 19 21 9 10 15 9 15 1 21 15 4 0 20 17 5 12 5 6 16 5 3 19 16 9 15 3 14 17 3 15 10 11 10 4 2 3 20 10 10 4 2 9 
3 3 14 17 3 21 10 10 2 19 10 6 7 10 16 4 27 0 7 15 7 0 10 16 6 5 5 10 17 12 19 21 9 10 15 9 15 1 21 15 9 13 20 20 3 17 12 13 16 10 7 7 9 6 7 9 7 20 14 17 4 19 7 16 35 0 29 27 9 18 10 2 19 20 20 10 2 17 8 6 4 11 12 19 21 9 10 15 9 15 1 21 15 4 0 20 17 5 12 5 6 16 5 3 19 16 9 15 3 14 17 3 15 10 11 10 4 2 3 20 10 10 4 2 9 2 3 1 13 4 
3 17 3 21 10 2 19 10 6 7 10 16 4 27 0 7 15 7 0 10 16 6 5 5 10 17 12 19 21 9 10 15 9 15 1 21 15 9 13 20 20 3 17 12 13 16 10 7 7 9 6 7 9 7 20 14 17 4 19 7 16 35 0 29 27 9 18 10 2 19 20 20 10 2 17 8 6 4 11 12 19 21 9 10 15 9 15 1 21 15 4 0 20 17 5 12 5 6 16 5 3 19 16 9 15 3 14 17 3 15 10 11 10 4 2 3 20 10 10 4 2 9 2 3 1 13 4 10 4 5 
3 10 2 19 10 6 7 10 16 4 27 0 7 15 7 0 10 16 6 5 5 10 17 12 19 21 9 10 15 9 15 1 21 15 9 13 20 20 3 17 12 13 16 10 7 7 9 6 7 9 7 20 14 17 4 19 7 16 35 0 29 27 9 18 10 2 19 20 20 10 2 17 8 6 4 11 12 19 21 9 10 15 9 15 1 21 15 4 0 20 17 5 12 5 6 16 5 3 19 16 9 15 3 14 17 3 15 10 11 10 4 2 3 20 10 10 4 2 9 2 3 1 13 4 10 4 5 1 11 3 2 0 4 0 9 12 
2 7 10 16 4 27 0 7 15 7 0 10 16 6 5 5 10 17 12 19 21 9 10 15 9 15 1 21 15 9 13 20 20 3 17 12 13 16 10 7 7 9 6 7 9 7 20 14 17 4 19 7 16 35 0 29 27 9 18 10 2 19 20 20 10 2 17 8 6 4 11 12 19 21 9 10 15 9 15 1 21 15 4 0 20 17 5 12 5 6 16 5 3 19 16 9 15 3 14 17 3 15 10 11 10 4 2 3 20 10 10 4 2 9 2 3 1 13 4 10 4 5 1 11 3 2 0 4 0 9 12 19 21 
0 7 0 10 16 5 5 10 17 12 19 21 9 10 15 9 15 1 21 15 9 13 20 20 3 17 12 13 16 10 7 7 9 6 7 9 7 20 14 17 4 19 7 16 35 0 29 27 9 18 10 2 19 20 20 10 2 17 8 6 4 11 12 19 21 9 10 15 9 15 1 21 15 4 0 20 17 5 12 5 6 16 5 3 19 16 9 15 3 14 17 3 15 10 11 10 4 2 3 20 10 10 4 2 9 2 3 1 13 4 10 4 5 1 11 3 2 0 4 0 9 12 19 21 1 15 6 1 21 15 
0 10 16 5 5 10 17 12 19 21 9 10 15 9 15 1 21 15 9 13 20 20 3 17 12 13 16 10 7 7 9 6 7 9 7 20 14 17 4 19 7 16 35 0 29 27 9 18 10 2 19 20 20 10 2 17 8 6 4 11 12 19 21 9 10 15 9 15 1 21 15 4 0 20 17 5 12 5 6 16 5 3 19 16 9 15 3 14 17 3 15 10 11 10 4 2 3 20 10 10 4 2 9 2 3 1 13 4 10 4 5 1 11 3 2 0 4 0 9 12 19 21 1 15 6 1 21 15 16 20 0 
17 12 19 21 9 10 15 9 15 1 21 15 9 13 20 20 3 17 12 13 16 10 7 7 9 6 7 9 7 20 14 17 4 19 7 16 35 0 29 27 9 18 10 2 19 20 20 10 2 17 8 6 4 11 12 19 21 9 10 15 9 15 1 21 15 4 0 20 17 5 12 5 6 16 5 3 19 16 9 15 3 14 17 3 15 10 11 10 4 2 3 20 10 10 4 2 9 2 3 1 13 4 10 4 5 1 11 3 2 0 4 0 9 12 19 21 1 15 6 1 21 15 16 20 0 3 17 12 
17 12 19 21 9 10 15 9 15 1 21 15 9 13 20 20 3 17 12 13 16 10 7 7 9 6 7 9 7 20 14 17 4 19 7 16 35 0 29 27 9 18 10 2 19 20 20 10 2 17 8 6 4 11 12 19 21 9 10 15 9 15 1 21 15 4 0 20 17 5 12 5 6 16 5 3 19 16 9 15 3 14 17 3 15 10 11 10 4 2 3 20 10 10 4 2 9 2 3 1 13 4 10 4 5 1 11 3 2 0 4 0 9 12 19 21 1 15 6 1 21 15 16 20 0 3 17 12 13 16 10 7 0 7 9 17 0 7 16 7 
10 15 15 1 21 15 9 13 20 20 3 17 12 13 16 10 7 7 9 6 7 9 7 20 14 17 4 19 7 16 35 0 29 27 9 18 10 2 19 20 20 10 2 17 8 6 4 11 12 19 21 9 10 15 9 15 1 21 15 4 0 20 17 5 12 5 6 16 5 3 19 16 9 15 3 14 17 3 15 10 11 10 4 2 3 20 10 10 4 2 9 2 3 1 13 4 10 4 5 1 11 3 2 0 4 0 9 12 19 21 1 15 6 1 21 15 16 20 0 3 17 12 13 16 10 7 0 7 9 17 0 7 16 7 4 14 
1 21 15 9 13 20 20 3 17 12 13 16 10 7 7 9 6 7 9 7 20 14 17 4 19 7 16 35 0 29 27 9 18 10 2 19 20 20 10 2 17 8 6 4 11 12 19 21 9 10 15 9 15 1 21 15 4 0 20 17 5 12 5 6 16 5 3 19 16 9 15 3 14 17 3 15 10 11 10 4 2 3 20 10 10 4 2 9 2 3 1 13 4 10 4 5 1 11 3 2 0 4 0 9 12 19 21 1 15 6 1 21 15 16 20 0 3 17 12 13 16 10 7 0 7 9 17 0 7 16 7 4 14 17 4 19 9 16 
20 20 3 17 12 13 16 10 7 7 9 6 7 9 7 20 14 17 4 19 7 16 35 0 29 27 9 18 10 2 19 20 20 10 2 17 8 6 4 11 12 19 21 9 10 15 9 15 1 21 15 4 0 20 17 5 12 5 6 16 5 3 19 16 9 15 3 14 17 3 15 10 11 10 4 2 3 20 10 10 4 2 9 2 3 1 13 4 10 4 5 1 11 3 2 0 4 0 9 12 19 21 1 15 6 1 21 15 16 20 0 3 17 12 13 16 10 7 0 7 9 17 0 7 16 7 4 14 17 4 19 9 16 19 0 29 27 9 18 10 
13 16 7 7 9 6 7 9 7 20 14 17 4 19 7 16 35 0 29 27 9 18 10 2 19 20 20 10 2 17 8 6 4 11 12 19 21 9 10 15 9 15 1 21 15 4 0 20 17 5 12 5 6 16 5 3 19 16 9 15 3 14 17 3 15 10 11 10 4 2 3 20 10 10 4 2 9 2 3 1 13 4 10 4 5 1 11 3 2 0 4 0 9 12 19 21 1 15 6 1 21 15 16 20 0 3 17 12 13 16 10 7 0 7 9 17 0 7 16 7 4 14 17 4 19 9 16 19 0 29 27 9 18 10 2 19 
7 7 9 7 9 7 20 14 17 4 19 7 16 35 0 29 27 9 18 10 2 19 20 20 10 2 17 8 6 4 11 12 19 21 9 10 15 9 15 1 21 15 4 0 20 17 5 12 5 6 16 5 3 19 16 9 15 3 14 17 3 15 10 11 10 4 2 3 20 10 10 4 2 9 2 3 1 13 4 10 4 5 1 11 3 2 0 4 0 9 12 19 21 1 15 6 1 21 15 16 20 0 3 17 12 13 16 10 7 0 7 9 17 0 7 16 7 4 14 17 4 19 9 16 19 0 29 27 9 18 10 2 19 20 20 10 
20 14 17 4 19 7 16 35 0 29 27 9 18 10 2 19 20 20 10 2 17 8 6 4 11 12 19 21 9 10 15 9 15 1 21 15 4 0 20 17 5 12 5 6 16 5 3 19 16 9 15 3 14 17 3 15 10 11 10 4 2 3 20 10 10 4 2 9 2 3 1 13 4 10 4 5 1 11 3 2 0 4 0 9 12 19 21 1 15 6 1 21 15 16 20 0 3 17 12 13 16 10 7 0 7 9 17 0 7 16 7 4 14 17 4 19 9 16 19 0 29 27 9 18 10 2 19 20 20 10 2 17 8 6 4 
4 35 0 29 27 9 18 10 2 19 20 20 10 2 17 8 6 4 11 12 19 21 9 10 15 9 15 1 21 15 4 0 20 17 5 12 5 6 16 5 3 19 16 9 15 3 14 17 3 15 10 11 10 4 2 3 20 10 10 4 2 9 2 3 1 13 4 10 4 5 1 11 3 2 0 4 0 9 12 19 21 1 15 6 1 21 15 16 20 0 3 17 12 13 16 10 7 0 7 9 17 0 7 16 7 4 14 17 4 19 9 16 19 0 29 27 9 18 10 2 19 20 20 10 2 17 8 6 4 11 12 
0 27 18 2 19 20 20 10 2 17 8 6 4 11 12 19 21 9 10 15 9 15 1 21 15 4 0 20 17 5 12 5 6 16 5 3 19 16 9 15 3 14 17 3 15 10 11 10 4 2 3 20 10 10 4 2 9 2 3 1 13 4 10 4 5 1 11 3 2 0 4 0 9 12 19 21 1 15 6 1 21 15 16 20 0 3 17 12 13 16 10 7 0 7 9 17 0 7 16 7 4 14 17 4 19 9 16 19 0 29 27 9 18 10 2 19 20 20 10 2 17 8 6 4 11 12 19 21 9 
2 19 20 20 10 2 8 6 4 11 12 19 21 9 10 15 9 15 1 21 15 4 0 20 17 5 12 5 6 16 5 3 19 16 9 15 3 14 17 3 15 10 11 10 4 2 3 20 10 10 4 2 9 2 3 1 13 4 10 4 5 1 11 3 2 0 4 0 9 12 19 21 1 15 6 1 21 15 16 20 0 3 17 12 13 16 10 7 0 7 9 17 0 7 16 7 4 14 17 4 19 9 16 19 0 29 27 9 18 10 2 19 20 20 10 2 17 8 6 4 11 12 19 21 9 10 15 9 15 1 21 15 
2 8 6 4 11 12 19 21 9 10 15 9 15 1 21 15 4 0 20 17 5 12 5 6 16 5 3 19 16 9 15 3 14 17 3 15 10 11 10 4 2 3 20 10 10 4 2 9 2 3 1 13 4 10 4 5 1 11 3 2 0 4 0 9 12 19 21 1 15 6 1 21 15 16 20 0 3 17 12 13 16 10 7 0 7 9 17 0 7 16 7 4 14 17 4 19 9 16 19 0 29 27 9 18 10 2 19 20 20 10 2 17 8 6 4 11 12 19 21 9 10 15 9 15 1 21 15 4 0 20 
4 11 12 19 21 9 10 15 9 15 1 21 15 4 0 20 17 5 12 5 6 16 5 3 19 16 9 15 3 14 17 3 15 10 11 10 4 2 3 20 10 10 4 2 9 2 3 1 13 4 10 4 5 1 11 3 2 0 4 0 9 12 19 21 1 15 6 1 21 15 16 20 0 3 17 12 13 16 10 7 0 7 9 17 0 7 16 7 4 14 17 4 19 9 16 19 0 29 27 9 18 10 2 19 20 20 10 2 17 8 6 4 11 12 19 21 9 10 15 9 15 1 21 15 4 0 20 17 12 5 12 
11 12 19 21 9 10 15 9 15 1 21 15 4 0 20 17 5 12 5 6 16 5 3 19 16 9 15 3 14 17 3 15 10 11 10 4 2 3 20 10 10 4 2 9 2 3 1 13 4 10 4 5 1 11 3 2 0 4 0 9 12 19 21 1 15 6 1 21 15 16 20 0 3 17 12 13 16 10 7 0 7 9 17 0 7 16 7 4 14 17 4 19 9 16 19 0 29 27 9 18 10 2 19 20 20 10 2 17 8 6 4 11 12 19 21 9 10 15 9 15 1 21 15 4 0 20 17 12 5 12 13 16 5 3 19 7 9 
10 15 15 1 21 15 4 0 20 17 5 12 5 6 16 5 3 19 16 9 15 3 14 17 3 15 10 11 10 4 2 3 20 10 10 4 2 9 2 3 1 13 4 10 4 5 1 11 3 2 0 4 0 9 12 19 21 1 15 6 1 21 15 16 20 0 3 17 12 13 16 10 7 0 7 9 17 0 7 16 7 4 14 17 4 19 9 16 19 0 29 27 9 18 10 2 19 20 20 10 2 17 8 6 4 11 12 19 21 9 10 15 9 15 1 21 15 4 0 20 17 12 5 12 13 16 5 3 19 7 9 6 3 14 
1 21 15 4 0 20 17 5 12 5 6 16 5 3 19 16 9 15 3 14 17 3 15 10 11 10 4 2 3 20 10 10 4 2 9 2 3 1 13 4 10 4 5 1 11 3 2 0 4 0 9 12 19 21 1 15 6 1 21 15 16 20 0 3 17 12 13 16 10 7 0 7 9 17 0 7 16 7 4 14 17 4 19 9 16 19 0 29 27 9 18 10 2 19 20 20 10 2 17 8 6 4 11 12 19 21 9 10 15 9 15 1 21 15 4 0 20 17 12 5 12 13 16 5 3 19 7 9 6 3 14 17 3 15 10 
4 0 20 17 5 12 5 6 16 5 3 19 16 9 15 3 14 17 3 15 10 11 10 4 2 3 20 10 10 4 2 9 2 3 1 13 4 10 4 5 1 11 3 2 0 4 0 9 12 19 21 1 15 6 1 21 15 16 20 0 3 17 12 13 16 10 7 0 7 9 17 0 7 16 7 4 14 17 4 19 9 16 19 0 29 27 9 18 10 2 19 20 20 10 2 17 8 6 4 11 12 19 21 9 10 15 9 15 1 21 15 4 0 20 17 12 5 12 13 16 5 3 19 7 9 6 3 14 17 3 15 10 3 2 6 9 19 19 10 4 2 4 12 
6 16 5 3 19 16 9 15 3 14 17 3 15 10 11 10 4 2 3 20 10 10 4 2 9 2 3 1 13 4 10 4 5 1 11 3 2 0 4 0 9 12 19 21 1 15 6 1 21 15 16 20 0 3 17 12 13 16 10 7 0 7 9 17 0 7 16 7 4 14 17 4 19 9 16 19 0 29 27 9 18 10 2 19 20 20 10 2 17 8 6 4 11 12 19 21 9 10 15 9 15 1 21 15 4 0 20 17 12 5 12 13 16 5 3 19 7 9 6 3 14 17 3 15 10 3 2 6 9 19 19 10 4 2 4 12 5 5 1 
3 19 16 15 3 14 17 3 15 10 11 10 4 2 3 20 10 10 4 2 9 2 3 1 13 4 10 4 5 1 11 3 2 0 4 0 9 12 19 21 1 15 6 1 21 15 16 20 0 3 17 12 13 16 10 7 0 7 9 17 0 7 16 7 4 14 17 4 19 9 16 19 0 29 27 9 18 10 2 19 20 20 10 2 17 8 6 4 11 12 19 21 9 10 15 9 15 1 21 15 4 0 20 17 12 5 12 13 16 5 3 19 7 9 6 3 14 17 3 15 10 3 2 6 9 19 19 10 4 2 4 12 5 5 1 1 2 
15 3 14 17 3 15 10 11 10 4 2 3 20 10 10 4 2 9 2 3 1 13 4 10 4 5 1 11 3 2 0 4 0 9 12 19 21 1 15 6 1 21 15 16 20 0 3 17 12 13 16 10 7 0 7 9 17 0 7 16 7 4 14 17 4 19 9 16 19 0 29 27 9 18 10 2 19 20 20 10 2 17 8 6 4 11 12 19 21 9 10 15 9 15 1 21 15 4 0 20 17 12 5 12 13 16 5 3 19 7 9 6 3 14 17 3 15 10 3 2 6 9 19 19 10 4 2 4 12 5 5 1 1 2 14 2 4 5 12 36 
3 11 10 4 2 3 20 10 10 4 2 9 2 3 1 13 4 10 4 5 1 11 3 2 0 4 0 9 12 19 21 1 15 6 1 21 15 16 20 0 3 17 12 13 16 10 7 0 7 9 17 0 7 16 7 4 14 17 4 19 9 16 19 0 29 27 9 18 10 2 19 20 20 10 2 17 8 6 4 11 12 19 21 9 10 15 9 15 1 21 15 4 0 20 17 12 5 12 13 16 5 3 19 7 9 6 3 14 17 3 15 10 3 2 6 9 19 19 10 4 2 4 12 5 5 1 1 2 14 2 4 5 12 36 36 11 15 19 0 
20 10 10 4 2 9 2 3 1 13 4 10 4 5 1 11 3 2 0 4 0 9 12 19 21 1 15 6 1 21 15 16 20 0 3 17 12 13 16 10 7 0 7 9 17 0 7 16 7 4 14 17 4 19 9 16 19 0 29 27 9 18 10 2 19 20 20 10 2 17 8 6 4 11 12 19 21 9 10 15 9 15 1 21 15 4 0 20 17 12 5 12 13 16 5 3 19 7 9 6 3 14 17 3 15 10 3 2 6 9 19 19 10 4 2 4 12 5 5 1 1 2 14 2 4 5 12 36 36 11 15 19 0 3 2 24 10 16 
2 3 1 10 4 5 1 3 2 0 4 0 9 12 19 21 1 15 6 1 21 15 16 20 0 3 17 12 13 16 10 7 0 7 9 17 0 7 16 7 4 14 17 4 19 9 16 19 0 29 27 9 18 10 2 19 20 20 10 2 17 8 6 4 11 12 19 21 9 10 15 9 15 1 21 15 4 0 20 17 12 5 12 13 16 5 3 19 7 9 6 3 14 17 3 15 10 3 2 6 9 19 19 10 4 2 4 12 5 5 1 1 2 14 2 4 5 12 36 36 11 15 19 0 3 2 24 10 16 0 33 31 15 9 3 22 
3 1 10 4 5 1 3 2 0 4 0 9 12 19 21 1 15 6 1 21 15 16 20 0 3 17 12 13 16 10 7 0 7 9 17 0 7 16 7 4 14 17 4 19 9 16 19 0 29 27 9 18 10 2 19 20 20 10 2 17 8 6 4 11 12 19 21 9 10 15 9 15 1 21 15 4 0 20 17 12 5 12 13 16 5 3 19 7 9 6 3 14 17 3 15 10 3 2 6 9 19 19 10 4 2 4 12 5 5 1 1 2 14 2 4 5 12 36 36 11 15 19 0 3 2 24 10 16 0 33 31 15 9 3 22 21 3 19 
4 5 1 0 0 9 12 19 21 1 15 6 1 21 15 16 20 0 3 17 12 13 16 10 7 0 7 9 17 0 7 16 7 4 14 17 4 19 9 16 19 0 29 27 9 18 10 2 19 20 20 10 2 17 8 6 4 11 12 19 21 9 10 15 9 15 1 21 15 4 0 20 17 12 5 12 13 16 5 3 19 7 9 6 3 14 17 3 15 10 3 2 6 9 19 19 10 4 2 4 12 5 5 1 1 2 14 2 4 5 12 36 36 11 15 19 0 3 2 24 10 16 0 33 31 15 9 3 22 21 3 19 11 4 2 9 
9 19 21 1 15 6 1 21 15 16 20 0 3 17 12 13 16 10 7 0 7 9 17 0 7 16 7 4 14 17 4 19 9 16 19 0 29 27 9 18 10 2 19 20 20 10 2 17 8 6 4 11 12 19 21 9 10 15 9 15 1 21 15 4 0 20 17 12 5 12 13 16 5 3 19 7 9 6 3 14 17 3 15 10 3 2 6 9 19 19 10 4 2 4 12 5 5 1 1 2 14 2 4 5 12 36 36 11 15 19 0 3 2 24 10 16 0 33 31 15 9 3 22 21 3 19 11 4 2 9 1 16 1 0 2 1 0 9 9 
1 15 6 1 21 15 16 20 0 3 17 12 13 16 10 7 0 7 9 17 0 7 16 7 4 14 17 4 19 9 16 19 0 29 27 9 18 10 2 19 20 20 10 2 17 8 6 4 11 12 19 21 9 10 15 9 15 1 21 15 4 0 20 17 12 5 12 13 16 5 3 19 7 9 6 3 14 17 3 15 10 3 2 6 9 19 19 10 4 2 4 12 5 5 1 1 2 14 2 4 5 12 36 36 11 15 19 0 3 2 24 10 16 0 33 31 15 9 3 22 21 3 19 11 4 2 9 1 16 1 0 2 1 0 9 9 27 26 
1 21 15 16 20 0 3 17 12 13 16 10 7 0 7 9 17 0 7 16 7 4 14 17 4 19 9 16 19 0 29 27 9 18 10 2 19 20 20 10 2 17 8 6 4 11 12 19 21 9 10 15 9 15 1 21 15 4 0 20 17 12 5 12 13 16 5 3 19 7 9 6 3 14 17 3 15 10 3 2 6 9 19 19 10 4 2 4 12 5 5 1 1 2 14 2 4 5 12 36 36 11 15 19 0 3 2 24 10 16 0 33 31 15 9 3 22 21 3 19 11 4 2 9 1 16 1 0 2 1 0 9 9 27 26 26 0 2 14 10 15 4 
0 3 17 13 16 7 0 7 9 17 0 7 16 7 4 14 17 4 19 9 16 19 0 29 27 9 18 10 2 19 20 20 10 2 17 8 6 4 11 12 19 21 9 10 15 9 15 1 21 15 4 0 20 17 12 5 12 13 16 5 3 19 7 9 6 3 14 17 3 15 10 3 2 6 9 19 19 10 4 2 4 12 5 5 1 1 2 14 2 4 5 12 36 36 11 15 19 0 3 2 24 10 16 0 33 31 15 9 3 22 21 3 19 11 4 2 9 1 16 1 0 2 1 0 9 9 27 26 26 0 2 14 10 15 4 7 33 31 15 6 3 25 
13 16 7 0 7 9 17 0 7 16 7 4 14 17 4 19 9 16 19 0 29 27 9 18 10 2 19 20 20 10 2 17 8 6 4 11 12 19 21 9 10 15 9 15 1 21 15 4 0 20 17 12 5 12 13 16 5 3 19 7 9 6 3 14 17 3 15 10 3 2 6 9 19 19 10 4 2 4 12 5 5 1 1 2 14 2 4 5 12 36 36 11 15 19 0 3 2 24 10 16 0 33 31 15 9 3 22 21 3 19 11 4 2 9 1 16 1 0 2 1 0 9 9 27 26 26 0 2 14 10 15 4 7 33 31 15 6 3 25 5 
7 0 7 9 17 0 7 7 4 14 17 4 19 9 16 19 0 29 27 9 18 10 2 19 20 20 10 2 17 8 6 4 11 12 19 21 9 10 15 9 15 1 21 15 4 0 20 17 12 5 12 13 16 5 3 19 7 9 6 3 14 17 3 15 10 3 2 6 9 19 19 10 4 2 4 12 5 5 1 1 2 14 2 4 5 12 36 36 11 15 19 0 3 2 24 10 16 0 33 31 15 9 3 22 21 3 19 11 4 2 9 1 16 1 0 2 1 0 9 9 27 26 26 0 2 14 10 15 4 7 33 31 15 6 3 25 5 11 4 7 16 0 1 
4 17 4 19 19 0 29 27 9 18 10 2 19 20 20 10 2 17 8 6 4 11 12 19 21 9 10 15 9 15 1 21 15 4 0 20 17 12 5 12 13 16 5 3 19 7 9 6 3 14 17 3 15 10 3 2 6 9 19 19 10 4 2 4 12 5 5 1 1 2 14 2 4 5 12 36 36 11 15 19 0 3 2 24 10 16 0 33 31 15 9 3 22 21 3 19 11 4 2 9 1 16 1 0 2 1 0 9 9 27 26 26 0 2 14 10 15 4 7 33 31 15 6 3 25 5 11 4 7 16 0 1 1 1 0 19 23 2 1 8 28 21 12 
4 19 0 29 27 9 18 10 2 19 20 20 10 2 17 8 6 4 11 12 19 21 9 10 15 9 15 1 21 15 4 0 20 17 12 5 12 13 16 5 3 19 7 9 6 3 14 17 3 15 10 3 2 6 9 19 19 10 4 2 4 12 5 5 1 1 2 14 2 4 5 12 36 36 11 15 19 0 3 2 24 10 16 0 33 31 15 9 3 22 21 3 19 11 4 2 9 1 16 1 0 2 1 0 9 9 27 26 26 0 2 14 10 15 4 7 33 31 15 6 3 25 5 11 4 7 16 0 1 1 1 0 19 23 2 1 8 28 21 12 8 19 4 7 
0 27 18 2 19 20 20 10 2 17 8 6 4 11 12 19 21 9 10 15 9 15 1 21 15 4 0 20 17 12 5 12 13 16 5 3 19 7 9 6 3 14 17 3 15 10 3 2 6 9 19 19 10 4 2 4 12 5 5 1 1 2 14 2 4 5 12 36 36 11 15 19 0 3 2 24 10 16 0 33 31 15 9 3 22 21 3 19 11 4 2 9 1 16 1 0 2 1 0 9 9 27 26 26 0 2 14 10 15 4 7 33 31 15 6 3 25 5 11 4 7 16 0 1 1 1 0 19 23 2 1 8 28 21 12 8 19 4 7 1 1 2 18 10 16 
2 20 20 2 8 6 4 11 12 19 21 9 10 15 9 15 1 21 15 4 0 20 17 12 5 12 13 16 5 3 19 7 9 6 3 14 17 3 15 10 3 2 6 9 19 19 10 4 2 4 12 5 5 1 1 2 14 2 4 5 12 36 36 11 15 19 0 3 2 24 10 16 0 33 31 15 9 3 22 21 3 19 11 4 2 9 1 16 1 0 2 1 0 9 9 27 26 26 0 2 14 10 15 4 7 33 31 15 6 3 25 5 11 4 7 16 0 1 1 1 0 19 23 2 1 8 28 21 12 8 19 4 7 1 1 2 18 10 16 33 31 1 1 15 16 25 3 
2 8 6 4 11 12 19 21 9 10 15 9 15 1 21 15 4 0 20 17 12 5 12 13 16 5 3 19 7 9 6 3 14 17 3 15 10 3 2 6 9 19 19 10 4 2 4 12 5 5 1 1 2 14 2 4 5 12 36 36 11 15 19 0 3 2 24 10 16 0 33 31 15 9 3 22 21 3 19 11 4 2 9 1 16 1 0 2 1 0 9 9 27 26 26 0 2 14 10 15 4 7 33 31 15 6 3 25 5 11 4 7 16 0 1 1 1 0 19 23 2 1 8 28 21 12 8 19 4 7 1 1 2 18 10 16 33 31 1 1 15 16 25 3 2 8 3 
4 11 12 19 21 9 10 15 9 15 1 21 15 4 0 20 17 12 5 12 13 16 5 3 19 7 9 6 3 14 17 3 15 10 3 2 6 9 19 19 10 4 2 4 12 5 5 1 1 2 14 2 4 5 12 36 36 11 15 19 0 3 2 24 10 16 0 33 31 15 9 3 22 21 3 19 11 4 2 9 1 16 1 0 2 1 0 9 9 27 26 26 0 2 14 10 15 4 7 33 31 15 6 3 25 5 11 4 7 16 0 1 1 1 0 19 23 2 1 8 28 21 12 8 19 4 7 1 1 2 18 10 16 33 31 1 1 15 16 25 3 2 8 3 2 2 10 16 
11 19 21 10 15 15 1 21 15 4 0 20 17 12 5 12 13 16 5 3 19 7 9 6 3 14 17 3 15 10 3 2 6 9 19 19 10 4 2 4 12 5 5 1 1 2 14 2 4 5 12 36 36 11 15 19 0 3 2 24 10 16 0 33 31 15 9 3 22 21 3 19 11 4 2 9 1 16 1 0 2 1 0 9 9 27 26 26 0 2 14 10 15 4 7 33 31 15 6 3 25 5 11 4 7 16 0 1 1 1 0 19 23 2 1 8 28 21 12 8 19 4 7 1 1 2 18 10 16 33 31 1 1 15 16 25 3 2 8 3 2 2 10 16 3 19 21 5 16 9 3 
10 15 15 1 21 15 4 0 20 17 12 5 12 13 16 5 3 19 7 9 6 3 14 17 3 15 10 3 2 6 9 19 19 10 4 2 4 12 5 5 1 1 2 14 2 4 5 12 36 36 11 15 19 0 3 2 24 10 16 0 33 31 15 9 3 22 21 3 19 11 4 2 9 1 16 1 0 2 1 0 9 9 27 26 26 0 2 14 10 15 4 7 33 31 15 6 3 25 5 11 4 7 16 0 1 1 1 0 19 23 2 1 8 28 21 12 8 19 4 7 1 1 2 18 10 16 33 31 1 1 15 16 25 3 2 8 3 2 2 10 16 3 19 21 5 16 9 3 11 0 24 
1 21 15 4 0 20 17 12 5 12 13 16 5 3 19 7 9 6 3 14 17 3 15 10 3 2 6 9 19 19 10 4 2 4 12 5 5 1 1 2 14 2 4 5 12 36 36 11 15 19 0 3 2 24 10 16 0 33 31 15 9 3 22 21 3 19 11 4 2 9 1 16 1 0 2 1 0 9 9 27 26 26 0 2 14 10 15 4 7 33 31 15 6 3 25 5 11 4 7 16 0 1 1 1 0 19 23 2 1 8 28 21 12 8 19 4 7 1 1 2 18 10 16 33 31 1 1 15 16 25 3 2 8 3 2 2 10 16 3 19 21 5 16 9 3 11 0 24 24 14 10 16 4 
0 17 5 13 16 5 3 19 7 9 6 3 14 17 3 15 10 3 2 6 9 19 19 10 4 2 4 12 5 5 1 1 2 14 2 4 5 12 36 36 11 15 19 0 3 2 24 10 16 0 33 31 15 9 3 22 21 3 19 11 4 2 9 1 16 1 0 2 1 0 9 9 27 26 26 0 2 14 10 15 4 7 33 31 15 6 3 25 5 11 4 7 16 0 1 1 1 0 19 23 2 1 8 28 21 12 8 19 4 7 1 1 2 18 10 16 33 31 1 1 15 16 25 3 2 8 3 2 2 10 16 3 19 21 5 16 9 3 11 0 24 24 14 10 16 4 4 24 24 14 10 19 3 
13 16 5 3 19 7 9 6 3 14 17 3 15 10 3 2 6 9 19 19 10 4 2 4 12 5 5 1 1 2 14 2 4 5 12 36 36 11 15 19 0 3 2 24 10 16 0 33 31 15 9 3 22 21 3 19 11 4 2 9 1 16 1 0 2 1 0 9 9 27 26 26 0 2 14 10 15 4 7 33 31 15 6 3 25 5 11 4 7 16 0 1 1 1 0 19 23 2 1 8 28 21 12 8 19 4 7 1 1 2 18 10 16 33 31 1 1 15 16 25 3 2 8 3 2 2 10 16 3 19 21 5 16 9 3 11 0 24 24 14 10 16 4 4 24 24 14 10 19 3 4 3 3 19 
3 19 9 6 3 14 17 3 15 10 3 2 6 9 19 19 10 4 2 4 12 5 5 1 1 2 14 2 4 5 12 36 36 11 15 19 0 3 2 24 10 16 0 33 31 15 9 3 22 21 3 19 11 4 2 9 1 16 1 0 2 1 0 9 9 27 26 26 0 2 14 10 15 4 7 33 31 15 6 3 25 5 11 4 7 16 0 1 1 1 0 19 23 2 1 8 28 21 12 8 19 4 7 1 1 2 18 10 16 33 31 1 1 15 16 25 3 2 8 3 2 2 10 16 3 19 21 5 16 9 3 11 0 24 24 14 10 16 4 4 24 24 14 10 19 3 4 3 3 19 19 19 
3 17 3 15 3 2 6 9 19 19 10 4 2 4 12 5 5 1 1 2 14 2 4 5 12 36 36 11 15 19 0 3 2 24 10 16 0 33 31 15 9 3 22 21 3 19 11 4 2 9 1 16 1 0 2 1 0 9 9 27 26 26 0 2 14 10 15 4 7 33 31 15 6 3 25 5 11 4 7 16 0 1 1 1 0 19 23 2 1 8 28 21 12 8 19 4 7 1 1 2 18 10 16 33 31 1 1 15 16 25 3 2 8 3 2 2 10 16 3 19 21 5 16 9 3 11 0 24 24 14 10 16 4 4 24 24 14 10 19 3 4 3 3 19 19 19 0 0 20 4 14 6 
3 3 2 6 9 19 19 10 4 2 4 12 5 5 1 1 2 14 2 4 5 12 36 36 11 15 19 0 3 2 24 10 16 0 33 31 15 9 3 22 21 3 19 11 4 2 9 1 16 1 0 2 1 0 9 9 27 26 26 0 2 14 10 15 4 7 33 31 15 6 3 25 5 11 4 7 16 0 1 1 1 0 19 23 2 1 8 28 21 12 8 19 4 7 1 1 2 18 10 16 33 31 1 1 15 16 25 3 2 8 3 2 2 10 16 3 19 21 5 16 9 3 11 0 24 24 14 10 16 4 4 24 24 14 10 19 3 4 3 3 19 19 19 0 0 20 4 14 6 1 12 
19 10 4 2 4 12 5 5 1 1 2 14 2 4 5 12 36 36 11 15 19 0 3 2 24 10 16 0 33 31 15 9 3 22 21 3 19 11 4 2 9 1 16 1 0 2 1 0 9 9 27 26 26 0 2 14 10 15 4 7 33 31 15 6 3 25 5 11 4 7 16 0 1 1 1 0 19 23 2 1 8 28 21 12 8 19 4 7 1 1 2 18 10 16 33 31 1 1 15 16 25 3 2 8 3 2 2 10 16 3 19 21 5 16 9 3 11 0 24 24 14 10 16 4 4 24 24 14 10 19 3 4 3 3 19 19 19 0 0 20 4 14 6 1 12 19 21 9 
5 1 1 2 12 36 36 11 15 19 0 3 2 24 10 16 0 33 31 15 9 3 22 21 3 19 11 4 2 9 1 16 1 0 2 1 0 9 9 27 26 26 0 2 14 10 15 4 7 33 31 15 6 3 25 5 11 4 7 16 0 1 1 1 0 19 23 2 1 8 28 21 12 8 19 4 7 1 1 2 18 10 16 33 31 1 1 15 16 25 3 2 8 3 2 2 10 16 3 19 21 5 16 9 3 11 0 24 24 14 10 16 4 4 24 24 14 10 19 3 4 3 3 19 19 19 0 0 20 4 14 6 1 12 19 21 9 10 15 9 15 1 21 6 9 
2 12 36 36 11 15 19 0 3 2 24 10 16 0 33 31 15 9 3 22 21 3 19 11 4 2 9 1 16 1 0 2 1 0 9 9 27 26 26 0 2 14 10 15 4 7 33 31 15 6 3 25 5 11 4 7 16 0 1 1 1 0 19 23 2 1 8 28 21 12 8 19 4 7 1 1 2 18 10 16 33 31 1 1 15 16 25 3 2 8 3 2 2 10 16 3 19 21 5 16 9 3 11 0 24 24 14 10 16 4 4 24 24 14 10 19 3 4 3 3 19 19 19 0 0 20 4 14 6 1 12 19 21 9 10 15 9 15 1 21 6 9 16 20 0 
12 36 11 15 19 0 3 2 24 10 16 0 33 31 15 9 3 22 21 3 19 11 4 2 9 1 16 1 0 2 1 0 9 9 27 26 26 0 2 14 10 15 4 7 33 31 15 6 3 25 5 11 4 7 16 0 1 1 1 0 19 23 2 1 8 28 21 12 8 19 4 7 1 1 2 18 10 16 33 31 1 1 15 16 25 3 2 8 3 2 2 10 16 3 19 21 5 16 9 3 11 0 24 24 14 10 16 4 4 24 24 14 10 19 3 4 3 3 19 19 19 0 0 20 4 14 6 1 12 19 21 9 10 15 9 15 1 21 6 9 16 20 0 3 17 12 
0 3 2 24 16 0 33 31 15 9 3 22 21 3 19 11 4 2 9 1 16 1 0 2 1 0 9 9 27 26 26 0 2 14 10 15 4 7 33 31 15 6 3 25 5 11 4 7 16 0 1 1 1 0 19 23 2 1 8 28 21 12 8 19 4 7 1 1 2 18 10 16 33 31 1 1 15 16 25 3 2 8 3 2 2 10 16 3 19 21 5 16 9 3 11 0 24 24 14 10 16 4 4 24 24 14 10 19 3 4 3 3 19 19 19 0 0 20 4 14 6 1 12 19 21 9 10 15 9 15 1 21 6 9 16 20 0 3 17 12 13 16 10 7 16 17 16 7 
2 0 33 31 15 9 3 22 21 3 19 11 4 2 9 1 16 1 0 2 1 0 9 9 27 26 26 0 2 14 10 15 4 7 33 31 15 6 3 25 5 11 4 7 16 0 1 1 1 0 19 23 2 1 8 28 21 12 8 19 4 7 1 1 2 18 10 16 33 31 1 1 15 16 25 3 2 8 3 2 2 10 16 3 19 21 5 16 9 3 11 0 24 24 14 10 16 4 4 24 24 14 10 19 3 4 3 3 19 19 19 0 0 20 4 14 6 1 12 19 21 9 10 15 9 15 1 21 6 9 16 20 0 3 17 12 13 16 10 7 16 17 16 7 3 14 
31 22 21 3 19 11 4 2 9 1 16 1 0 2 1 0 9 9 27 26 26 0 2 14 10 15 4 7 33 31 15 6 3 25 5 11 4 7 16 0 1 1 1 0 19 23 2 1 8 28 21 12 8 19 4 7 1 1 2 18 10 16 33 31 1 1 15 16 25 3 2 8 3 2 2 10 16 3 19 21 5 16 9 3 11 0 24 24 14 10 16 4 4 24 24 14 10 19 3 4 3 3 19 19 19 0 0 20 4 14 6 1 12 19 21 9 10 15 9 15 1 21 6 9 16 20 0 3 17 12 13 16 10 7 16 17 16 7 3 14 17 4 19 9 16 
4 2 9 1 16 1 0 2 1 0 9 9 27 26 26 0 2 14 10 15 4 7 33 31 15 6 3 25 5 11 4 7 16 0 1 1 1 0 19 23 2 1 8 28 21 12 8 19 4 7 1 1 2 18 10 16 33 31 1 1 15 16 25 3 2 8 3 2 2 10 16 3 19 21 5 16 9 3 11 0 24 24 14 10 16 4 4 24 24 14 10 19 3 4 3 3 19 19 19 0 0 20 4 14 6 1 12 19 21 9 10 15 9 15 1 21 6 9 16 20 0 3 17 12 13 16 10 7 16 17 16 7 3 14 17 4 19 9 16 19 2 27 27 9 18 10 
4 2 1 16 0 2 0 9 9 27 26 26 0 2 14 10 15 4 7 33 31 15 6 3 25 5 11 4 7 16 0 1 1 1 0 19 23 2 1 8 28 21 12 8 19 4 7 1 1 2 18 10 16 33 31 1 1 15 16 25 3 2 8 3 2 2 10 16 3 19 21 5 16 9 3 11 0 24 24 14 10 16 4 4 24 24 14 10 19 3 4 3 3 19 19 19 0 0 20 4 14 6 1 12 19 21 9 10 15 9 15 1 21 6 9 16 20 0 3 17 12 13 16 10 7 16 17 16 7 3 14 17 4 19 9 16 19 2 27 27 9 18 10 2 19 
16 0 2 0 9 27 26 26 0 2 14 10 15 4 7 33 31 15 6 3 25 5 11 4 7 16 0 1 1 1 0 19 23 2 1 8 28 21 12 8 19 4 7 1 1 2 18 10 16 33 31 1 1 15 16 25 3 2 8 3 2 2 10 16 3 19 21 5 16 9 3 11 0 24 24 14 10 16 4 4 24 24 14 10 19 3 4 3 3 19 19 19 0 0 20 4 14 6 1 12 19 21 9 10 15 9 15 1 21 6 9 16 20 0 3 17 12 13 16 10 7 16 17 16 7 3 14 17 4 19 9 16 19 2 27 27 9 18 10 2 19 20 20 10 
26 0 2 10 7 33 31 15 6 3 25 5 11 4 7 16 0 1 1 1 0 19 23 2 1 8 28 21 12 8 19 4 7 1 1 2 18 10 16 33 31 1 1 15 16 25 3 2 8 3 2 2 10 16 3 19 21 5 16 9 3 11 0 24 24 14 10 16 4 4 24 24 14 10 19 3 4 3 3 19 19 19 0 0 20 4 14 6 1 12 19 21 9 10 15 9 15 1 21 6 9 16 20 0 3 17 12 13 16 10 7 16 17 16 7 3 14 17 4 19 9 16 19 2 27 27 9 18 10 2 19 20 20 10 2 1 4 14 
0 2 7 33 31 15 6 3 25 5 11 4 7 16 0 1 1 1 0 19 23 2 1 8 28 21 12 8 19 4 7 1 1 2 18 10 16 33 31 1 1 15 16 25 3 2 8 3 2 2 10 16 3 19 21 5 16 9 3 11 0 24 24 14 10 16 4 4 24 24 14 10 19 3 4 3 3 19 19 19 0 0 20 4 14 6 1 12 19 21 9 10 15 9 15 1 21 6 9 16 20 0 3 17 12 13 16 10 7 16 17 16 7 3 14 17 4 19 9 16 19 2 27 27 9 18 10 2 19 20 20 10 2 1 4 14 8 1 12 
31 25 5 11 4 7 16 0 1 1 1 0 19 23 2 1 8 28 21 12 8 19 4 7 1 1 2 18 10 16 33 31 1 1 15 16 25 3 2 8 3 2 2 10 16 3 19 21 5 16 9 3 11 0 24 24 14 10 16 4 4 24 24 14 10 19 3 4 3 3 19 19 19 0 0 20 4 14 6 1 12 19 21 9 10 15 9 15 1 21 6 9 16 20 0 3 17 12 13 16 10 7 16 17 16 7 3 14 17 4 19 9 16 19 2 27 27 9 18 10 2 19 20 20 10 2 1 4 14 8 1 12 19 21 9 
4 7 0 1 1 0 19 23 2 1 8 28 21 12 8 19 4 7 1 1 2 18 10 16 33 31 1 1 15 16 25 3 2 8 3 2 2 10 16 3 19 21 5 16 9 3 11 0 24 24 14 10 16 4 4 24 24 14 10 19 3 4 3 3 19 19 19 0 0 20 4 14 6 1 12 19 21 9 10 15 9 15 1 21 6 9 16 20 0 3 17 12 13 16 10 7 16 17 16 7 3 14 17 4 19 9 16 19 2 27 27 9 18 10 2 19 20 20 10 2 1 4 14 8 1 12 19 21 9 4 6 15 6 1 21 
4 0 1 1 0 19 23 2 1 8 28 21 12 8 19 4 7 1 1 2 18 10 16 33 31 1 1 15 16 25 3 2 8 3 2 2 10 16 3 19 21 5 16 9 3 11 0 24 24 14 10 16 4 4 24 24 14 10 19 3 4 3 3 19 19 19 0 0 20 4 14 6 1 12 19 21 9 10 15 9 15 1 21 6 9 16 20 0 3 17 12 13 16 10 7 16 17 16 7 3 14 17 4 19 9 16 19 2 27 27 9 18 10 2 19 20 20 10 2 1 4 14 8 1 12 19 21 9 4 6 15 6 1 21 15 4 0 20 
0 23 2 1 8 28 21 8 19 4 7 1 1 2 18 10 16 33 31 1 1 15 16 25 3 2 8 3 2 2 10 16 3 19 21 5 16 9 3 11 0 24 24 14 10 16 4 4 24 24 14 10 19 3 4 3 3 19 19 19 0 0 20 4 14 6 1 12 19 21 9 10 15 9 15 1 21 6 9 16 20 0 3 17 12 13 16 10 7 16 17 16 7 3 14 17 4 19 9 16 19 2 27 27 9 18 10 2 19 20 20 10 2 1 4 14 8 1 12 19 21 9 4 6 15 6 1 21 15 4 0 20 17 17 5 7 
7 1 1 2 18 33 31 1 1 15 16 25 3 2 8 3 2 2 10 16 3 19 21 5 16 9 3 11 0 24 24 14 10 16 4 4 24 24 14 10 19 3 4 3 3 19 19 19 0 0 20 4 14 6 1 12 19 21 9 10 15 9 15 1 21 6 9 16 20 0 3 17 12 13 16 10 7 16 17 16 7 3 14 17 4 19 9 16 19 2 27 27 9 18 10 2 19 20 20 10 2 1 4 14 8 1 12 19 21 9 4 6 15 6 1 21 15 4 0 20 17 17 5 7 13 16 5 3 19 7 
1 2 33 31 1 1 15 16 25 3 2 8 3 2 2 10 16 3 19 21 5 16 9 3 11 0 24 24 14 10 16 4 4 24 24 14 10 19 3 4 3 3 19 19 19 0 0 20 4 14 6 1 12 19 21 9 10 15 9 15 1 21 6 9 16 20 0 3 17 12 13 16 10 7 16 17 16 7 3 14 17 4 19 9 16 19 2 27 27 9 18 10 2 19 20 20 10 2 1 4 14 8 1 12 19 21 9 4 6 15 6 1 21 15 4 0 20 17 17 5 7 13 16 5 3 19 7 9 6 3 14 
1 1 16 2 8 3 2 2 10 16 3 19 21 5 16 9 3 11 0 24 24 14 10 16 4 4 24 24 14 10 19 3 4 3 3 19 19 19 0 0 20 4 14 6 1 12 19 21 9 10 15 9 15 1 21 6 9 16 20 0 3 17 12 13 16 10 7 16 17 16 7 3 14 17 4 19 9 16 19 2 27 27 9 18 10 2 19 20 20 10 2 1 4 14 8 1 12 19 21 9 4 6 15 6 1 21 15 4 0 20 17 17 5 7 13 16 5 3 19 7 9 6 3 14 17 3 15 10 
3 2 2 3 19 21 5 16 9 3 11 0 24 24 14 10 16 4 4 24 24 14 10 19 3 4 3 3 19 19 19 0 0 20 4 14 6 1 12 19 21 9 10 15 9 15 1 21 6 9 16 20 0 3 17 12 13 16 10 7 16 17 16 7 3 14 17 4 19 9 16 19 2 27 27 9 18 10 2 19 20 20 10 2 1 4 14 8 1 12 19 21 9 4 6 15 6 1 21 15 4 0 20 17 17 5 7 13 16 5 3 19 7 9 6 3 14 17 3 15 10 1 4 2 16 19 20 14 2 4 10 
2 19 21 5 16 9 3 11 0 24 24 14 10 16 4 4 24 24 14 10 19 3 4 3 3 19 19 19 0 0 20 4 14 6 1 12 19 21 9 10 15 9 15 1 21 6 9 16 20 0 3 17 12 13 16 10 7 16 17 16 7 3 14 17 4 19 9 16 19 2 27 27 9 18 10 2 19 20 20 10 2 1 4 14 8 1 12 19 21 9 4 6 15 6 1 21 15 4 0 20 17 17 5 7 13 16 5 3 19 7 9 6 3 14 17 3 15 10 1 4 2 16 19 20 14 2 4 10 5 5 1 
21 16 11 0 24 24 14 10 16 4 4 24 24 14 10 19 3 4 3 3 19 19 19 0 0 20 4 14 6 1 12 19 21 9 10 15 9 15 1 21 6 9 16 20 0 3 17 12 13 16 10 7 16 17 16 7 3 14 17 4 19 9 16 19 2 27 27 9 18 10 2 19 20 20 10 2 1 4 14 8 1 12 19 21 9 4 6 15 6 1 21 15 4 0 20 17 17 5 7 13 16 5 3 19 7 9 6 3 14 17 3 15 10 1 4 2 16 19 20 14 2 4 10 5 5 1 1 2 
0 24 10 4 24 24 14 10 19 3 4 3 3 19 19 19 0 0 20 4 14 6 1 12 19 21 9 10 15 9 15 1 21 6 9 16 20 0 3 17 12 13 16 10 7 16 17 16 7 3 14 17 4 19 9 16 19 2 27 27 9 18 10 2 19 20 20 10 2 1 4 14 8 1 12 19 21 9 4 6 15 6 1 21 15 4 0 20 17 17 5 7 13 16 5 3 19 7 9 6 3 14 17 3 15 10 1 4 2 16 19 20 14 2 4 10 5 5 1 1 2 3 24 3 6 4 12 
4 24 24 14 10 19 3 4 3 3 19 19 19 0 0 20 4 14 6 1 12 19 21 9 10 15 9 15 1 21 6 9 16 20 0 3 17 12 13 16 10 7 16 17 16 7 3 14 17 4 19 9 16 19 2 27 27 9 18 10 2 19 20 20 10 2 1 4 14 8 1 12 19 21 9 4 6 15 6 1 21 15 4 0 20 17 17 5 7 13 16 5 3 19 7 9 6 3 14 17 3 15 10 1 4 2 16 19 20 14 2 4 10 5 5 1 1 2 3 24 3 6 4 12 17 12 
24 10 4 3 3 19 19 19 0 0 20 4 14 6 1 12 19 21 9 10 15 9 15 1 21 6 9 16 20 0 3 17 12 13 16 10 7 16 17 16 7 3 14 17 4 19 9 16 19 2 27 27 9 18 10 2 19 20 20 10 2 1 4 14 8 1 12 19 21 9 4 6 15 6 1 21 15 4 0 20 17 17 5 7 13 16 5 3 19 7 9 6 3 14 17 3 15 10 1 4 2 16 19 20 14 2 4 10 5 5 1 1 2 3 24 3 6 4 12 17 12 19 21 9 
3 19 19 0 0 20 6 1 12 19 21 9 10 15 9 15 1 21 6 9 16 20 0 3 17 12 13 16 10 7 16 17 16 7 3 14 17 4 19 9 16 19 2 27 27 9 18 10 2 19 20 20 10 2 1 4 14 8 1 12 19 21 9 4 6 15 6 1 21 15 4 0 20 17 17 5 7 13 16 5 3 19 7 9 6 3 14 17 3 15 10 1 4 2 16 19 20 14 2 4 10 5 5 1 1 2 3 24 3 6 4 12 17 12 19 21 9 10 15 9 15 1 
0 0 20 6 1 12 19 21 9 10 15 9 15 1 21 6 9 16 20 0 3 17 12 13 16 10 7 16 17 16 7 3 14 17 4 19 9 16 19 2 27 27 9 18 10 2 19 20 20 10 2 1 4 14 8 1 12 19 21 9 4 6 15 6 1 21 15 4 0 20 17 17 5 7 13 16 5 3 19 7 9 6 3 14 17 3 15 10 1 4 2 16 19 20 14 2 4 10 5 5 1 1 2 3 24 3 6 4 12 17 12 19 21 9 10 15 9 15 1 21 15 9 13 20 20 
0 1 12 19 21 9 10 15 9 15 1 21 6 9 16 20 0 3 17 12 13 16 10 7 16 17 16 7 3 14 17 4 19 9 16 19 2 27 27 9 18 10 2 19 20 20 10 2 1 4 14 8 1 12 19 21 9 4 6 15 6 1 21 15 4 0 20 17 17 5 7 13 16 5 3 19 7 9 6 3 14 17 3 15 10 1 4 2 16 19 20 14 2 4 10 5 5 1 1 2 3 24 3 6 4 12 17 12 19 21 9 10 15 9 15 1 21 15 9 13 20 20 3 17 12 
1 19 21 10 15 15 1 21 6 9 16 20 0 3 17 12 13 16 10 7 16 17 16 7 3 14 17 4 19 9 16 19 2 27 27 9 18 10 2 19 20 20 10 2 1 4 14 8 1 12 19 21 9 4 6 15 6 1 21 15 4 0 20 17 17 5 7 13 16 5 3 19 7 9 6 3 14 17 3 15 10 1 4 2 16 19 20 14 2 4 10 5 5 1 1 2 3 24 3 6 4 12 17 12 19 21 9 10 15 9 15 1 21 15 9 13 20 20 3 17 12 13 16 10 7 7 9 6 
10 15 15 1 21 6 9 16 20 0 3 17 12 13 16 10 7 16 17 16 7 3 14 17 4 19 9 16 19 2 27 27 9 18 10 2 19 20 20 10 2 1 4 14 8 1 12 19 21 9 4 6 15 6 1 21 15 4 0 20 17 17 5 7 13 16 5 3 19 7 9 6 3 14 17 3 15 10 1 4 2 16 19 20 14 2 4 10 5 5 1 1 2 3 24 3 6 4 12 17 12 19 21 9 10 15 9 15 1 21 15 9 13 20 20 3 17 12 13 16 10 7 7 9 6 7 9 7 20 14 
1 21 6 9 16 20 0 3 17 12 13 16 10 7 16 17 16 7 3 14 17 4 19 9 16 19 2 27 27 9 18 10 2 19 20 20 10 2 1 4 14 8 1 12 19 21 9 4 6 15 6 1 21 15 4 0 20 17 17 5 7 13 16 5 3 19 7 9 6 3 14 17 3 15 10 1 4 2 16 19 20 14 2 4 10 5 5 1 1 2 3 24 3 6 4 12 17 12 19 21 9 10 15 9 15 1 21 15 9 13 20 20 3 17 12 13 16 10 7 7 9 6 7 9 7 20 14 17 4 19 7 16 
0 3 17 13 16 7 16 17 16 7 3 14 17 4 19 9 16 19 2 27 27 9 18 10 2 19 20 20 10 2 1 4 14 8 1 12 19 21 9 4 6 15 6 1 21 15 4 0 20 17 17 5 7 13 16 5 3 19 7 9 6 3 14 17 3 15 10 1 4 2 16 19 20 14 2 4 10 5 5 1 1 2 3 24 3 6 4 12 17 12 19 21 9 10 15 9 15 1 21 15 9 13 20 20 3 17 12 13 16 10 7 7 9 6 7 9 7 20 14 17 4 19 7 16 35 0 29 27 
13 16 7 16 17 16 7 3 14 17 4 19 9 16 19 2 27 27 9 18 10 2 19 20 20 10 2 1 4 14 8 1 12 19 21 9 4 6 15 6 1 21 15 4 0 20 17 17 5 7 13 16 5 3 19 7 9 6 3 14 17 3 15 10 1 4 2 16 19 20 14 2 4 10 5 5 1 1 2 3 24 3 6 4 12 17 12 19 21 9 10 15 9 15 1 21 15 9 13 20 20 3 17 12 13 16 10 7 7 9 6 7 9 7 20 14 17 4 19 7 16 35 0 29 27 9 18 10 2 19 
7 16 17 16 3 14 17 4 19 9 16 19 2 27 27 9 18 10 2 19 20 20 10 2 1 4 14 8 1 12 19 21 9 4 6 15 6 1 21 15 4 0 20 17 17 5 7 13 16 5 3 19 7 9 6 3 14 17 3 15 10 1 4 2 16 19 20 14 2 4 10 5 5 1 1 2 3 24 3 6 4 12 17 12 19 21 9 10 15 9 15 1 21 15 9 13 20 20 3 17 12 13 16 10 7 7 9 6 7 9 7 20 14 17 4 19 7 16 35 0 29 27 9 18 10 2 19 20 20 10 
3 17 4 19 19 2 27 27 9 18 10 2 19 20 20 10 2 1 4 14 8 1 12 19 21 9 4 6 15 6 1 21 15 4 0 20 17 17 5 7 13 16 5 3 19 7 9 6 3 14 17 3 15 10 1 4 2 16 19 20 14 2 4 10 5 5 1 1 2 3 24 3 6 4 12 17 12 19 21 9 10 15 9 15 1 21 15 9 13 20 20 3 17 12 13 16 10 7 7 9 6 7 9 7 20 14 17 4 19 7 16 35 0 29 27 9 18 10 2 19 20 20 10 2 17 
4 19 2 27 27 9 18 10 2 19 20 20 10 2 1 4 14 8 1 12 19 21 9 4 6 15 6 1 21 15 4 0 20 17 17 5 7 13 16 5 3 19 7 9 6 3 14 17 3 15 10 1 4 2 16 19 20 14 2 4 10 5 5 1 1 2 3 24 3 6 4 12 17 12 19 21 9 10 15 9 15 1 21 15 9 13 20 20 3 17 12 13 16 10 7 7 9 6 7 9 7 20 14 17 4 19 7 16 35 0 29 27 9 18 10 2 19 20 20 10 2 17 8 6 4 11 12 
2 27 18 2 19 20 20 10 2 1 4 14 8 1 12 19 21 9 4 6 15 6 1 21 15 4 0 20 17 17 5 7 13 16 5 3 19 7 9 6 3 14 17 3 15 10 1 4 2 16 19 20 14 2 4 10 5 5 1 1 2 3 24 3 6 4 12 17 12 19 21 9 10 15 9 15 1 21 15 9 13 20 20 3 17 12 13 16 10 7 7 9 6 7 9 7 20 14 17 4 19 7 16 35 0 29 27 9 18 10 2 19 20 20 10 2 17 8 6 4 11 12 19 21 9 
2 20 20 2 1 4 8 1 12 19 21 9 4 6 15 6 1 21 15 4 0 20 17 17 5 7 13 16 5 3 19 7 9 6 3 14 17 3 15 10 1 4 2 16 19 20 14 2 4 10 5 5 1 1 2 3 24 3 6 4 12 17 12 19 21 9 10 15 9 15 1 21 15 9 13 20 20 3 17 12 13 16 10 7 7 9 6 7 9 7 20 14 17 4 19 7 16 35 0 29 27 9 18 10 2 19 20 20 10 2 17 8 6 4 11 12 19 21 9 10 15 9 15 
2 1 4 8 1 12 19 21 9 4 6 15 6 1 21 15 4 0 20 17 17 5 7 13 16 5 3 19 7 9 6 3 14 17 3 15 10 1 4 2 16 19 20 14 2 4 10 5 5 1 1 2 3 24 3 6 4 12 17 12 19 21 9 10 15 9 15 1 21 15 9 13 20 20 3 17 12 13 16 10 7 7 9 6 7 9 7 20 14 17 4 19 7 16 35 0 29 27 9 18 10 2 19 20 20 10 2 17 8 6 4 11 12 19 21 9 10 15 9 15 1 21 15 4 0 20 
1 1 12 19 21 9 4 6 15 6 1 21 15 4 0 20 17 17 5 7 13 16 5 3 19 7 9 6 3 14 17 3 15 10 1 4 2 16 19 20 14 2 4 10 5 5 1 1 2 3 24 3 6 4 12 17 12 19 21 9 10 15 9 15 1 21 15 9 13 20 20 3 17 12 13 16 10 7 7 9 6 7 9 7 20 14 17 4 19 7 16 35 0 29 27 9 18 10 2 19 20 20 10 2 17 8 6 4 11 12 19 21 9 10 15 9 15 1 21 15 4 0 20 17 5 12 5 
1 19 21 9 6 15 6 1 21 15 4 0 20 17 17 5 7 13 16 5 3 19 7 9 6 3 14 17 3 15 10 1 4 2 16 19 20 14 2 4 10 5 5 1 1 2 3 24 3 6 4 12 17 12 19 21 9 10 15 9 15 1 21 15 9 13 20 20 3 17 12 13 16 10 7 7 9 6 7 9 7 20 14 17 4 19 7 16 35 0 29 27 9 18 10 2 19 20 20 10 2 17 8 6 4 11 12 19 21 9 10 15 9 15 1 21 15 4 0 20 17 5 12 5 6 16 5 
6 15 6 1 21 15 4 0 20 17 17 5 7 13 16 5 3 19 7 9 6 3 14 17 3 15 10 1 4 2 16 19 20 14 2 4 10 5 5 1 1 2 3 24 3 6 4 12 17 12 19 21 9 10 15 9 15 1 21 15 9 13 20 20 3 17 12 13 16 10 7 7 9 6 7 9 7 20 14 17 4 19 7 16 35 0 29 27 9 18 10 2 19 20 20 10 2 17 8 6 4 11 12 19 21 9 10 15 9 15 1 21 15 4 0 20 17 5 12 5 6 16 5 3 19 16 9 15 3 14 
1 21 15 4 0 20 17 17 5 7 13 16 5 3 19 7 9 6 3 14 17 3 15 10 1 4 2 16 19 20 14 2 4 10 5 5 1 1 2 3 24 3 6 4 12 17 12 19 21 9 10 15 9 15 1 21 15 9 13 20 20 3 17 12 13 16 10 7 7 9 6 7 9 7 20 14 17 4 19 7 16 35 0 29 27 9 18 10 2 19 20 20 10 2 17 8 6 4 11 12 19 21 9 10 15 9 15 1 21 15 4 0 20 17 5 12 5 6 16 5 3 19 16 9 15 3 14 17 3 15 10 
0 17 17 7 13 16 5 3 19 7 9 6 3 14 17 3 15 10 1 4 2 16 19 20 14 2 4 10 5 5 1 1 2 3 24 3 6 4 12 17 12 19 21 9 10 15 9 15 1 21 15 9 13 20 20 3 17 12 13 16 10 7 7 9 6 7 9 7 20 14 17 4 19 7 16 35 0 29 27 9 18 10 2 19 20 20 10 2 17 8 6 4 11 12 19 21 9 10 15 9 15 1 21 15 4 0 20 17 5 12 5 6 16 5 3 19 16 9 15 3 14 17 3 15 10 11 10 4 2 3 20 10 10 4 2 
13 16 5 3 19 7 9 6 3 14 17 3 15 10 1 4 2 16 19 20 14 2 4 10 5 5 1 1 2 3 24 3 6 4 12 17 12 19 21 9 10 15 9 15 1 21 15 9 13 20 20 3 17 12 13 16 10 7 7 9 6 7 9 7 20 14 17 4 19 7 16 35 0 29 27 9 18 10 2 19 20 20 10 2 17 8 6 4 11 12 19 21 9 10 15 9 15 1 21 15 4 0 20 17 5 12 5 6 16 5 3 19 16 9 15 3 14 17 3 15 10 11 10 4 2 3 20 10 10 4 2 9 
3 19 9 6 3 14 17 3 15 10 1 4 2 16 19 20 14 2 4 10 5 5 1 1 2 3 24 3 6 4 12 17 12 19 21 9 10 15 9 15 1 21 15 9 13 20 20 3 17 12 13 16 10 7 7 9 6 7 9 7 20 14 17 4 19 7 16 35 0 29 27 9 18 10 2 19 20 20 10 2 17 8 6 4 11 12 19 21 9 10 15 9 15 1 21 15 4 0 20 17 5 12 5 6 16 5 3 19 16 9 15 3 14 17 3 15 10 11 10 4 2 3 20 10 10 4 2 9 2 3 1 13 4 
3 17 3 15 10 1 4 2 16 19 20 14 2 4 10 5 5 1 1 2 3 24 3 6 4 12 17 12 19 21 9 10 15 9 15 1 21 15 9 13 20 20 3 17 12 13 16 10 7 7 9 6 7 9 7 20 14 17 4 19 7 16 35 0 29 27 9 18 10 2 19 20 20 10 2 17 8 6 4 11 12 19 21 9 10 15 9 15 1 21 15 4 0 20 17 5 12 5 6 16 5 3 19 16 9 15 3 14 17 3 15 10 11 10 4 2 3 20 10 10 4 2 9 2 3 1 13 4 10 4 5 
3 1 4 2 16 19 20 14 2 4 10 5 5 1 1 2 3 24 3 6 4 12 17 12 19 21 9 10 15 9 15 1 21 15 9 13 20 20 3 17 12 13 16 10 7 7 9 6 7 9 7 20 14 17 4 19 7 16 35 0 29 27 9 18 10 2 19 20 20 10 2 17 8 6 4 11 12 19 21 9 10 15 9 15 1 21 15 4 0 20 17 5 12 5 6 16 5 3 19 16 9 15 3 14 17 3 15 10 11 10 4 2 3 20 10 10 4 2 9 2 3 1 13 4 10 4 5 1 11 3 2 0 4 0 9 12 
20 14 2 4 10 5 5 1 1 2 3 24 3 6 4 12 17 12 19 21 9 10 15 9 15 1 21 15 9 13 20 20 3 17 12 13 16 10 7 7 9 6 7 9 7 20 14 17 4 19 7 16 35 0 29 27 9 18 10 2 19 20 20 10 2 17 8 6 4 11 12 19 21 9 10 15 9 15 1 21 15 4 0 20 17 5 12 5 6 16 5 3 19 16 9 15 3 14 17 3 15 10 11 10 4 2 3 20 10 10 4 2 9 2 3 1 13 4 10 4 5 1 11 3 2 0 4 0 9 12 19 21 
5 1 1 2 3 12 17 12 19 21 9 10 15 9 15 1 21 15 9 13 20 20 3 17 12 13 16 10 7 7 9 6 7 9 7 20 14 17 4 19 7 16 35 0 29 27 9 18 10 2 19 20 20 10 2 17 8 6 4 11 12 19 21 9 10 15 9 15 1 21 15 4 0 20 17 5 12 5 6 16 5 3 19 16 9 15 3 14 17 3 15 10 11 10 4 2 3 20 10 10 4 2 9 2 3 1 13 4 10 4 5 1 11 3 2 0 4 0 9 12 19 21 1 15 6 1 21 15 
2 3 12 17 12 19 21 9 10 15 9 15 1 21 15 9 13 20 20 3 17 12 13 16 10 7 7 9 6 7 9 7 20 14 17 4 19 7 16 35 0 29 27 9 18 10 2 19 20 20 10 2 17 8 6 4 11 12 19 21 9 10 15 9 15 1 21 15 4 0 20 17 5 12 5 6 16 5 3 19 16 9 15 3 14 17 3 15 10 11 10 4 2 3 20 10 10 4 2 9 2 3 1 13 4 10 4 5 1 11 3 2 0 4 0 9 12 19 21 1 15 6 1 21 15 16 20 0 
12 17 12 19 21 9 10 15 9 15 1 21 15 9 13 20 20 3 17 12 13 16 10 7 7 9 6 7 9 7 20 14 17 4 19 7 16 35 0 29 27 9 18 10 2 19 20 20 10 2 17 8 6 4 11 12 19 21 9 10 15 9 15 1 21 15 4 0 20 17 5 12 5 6 16 5 3 19 16 9 15 3 14 17 3 15 10 11 10 4 2 3 20 10 10 4 2 9 2 3 1 13 4 10 4 5 1 11 3 2 0 4 0 9 12 19 21 1 15 6 1 21 15 16 20 0 3 17 12 
17 12 19 21 9 10 15 9 15 1 21 15 9 13 20 20 3 17 12 13 16 10 7 7 9 6 7 9 7 20 14 17 4 19 7 16 35 0 29 27 9 18 10 2 19 20 20 10 2 17 8 6 4 11 12 19 21 9 10 15 9 15 1 21 15 4 0 20 17 5 12 5 6 16 5 3 19 16 9 15 3 14 17 3 15 10 11 10 4 2 3 20 10 10 4 2 9 2 3 1 13 4 10 4 5 1 11 3 2 0 4 0 9 12 19 21 1 15 6 1 21 15 16 20 0 3 17 12 13 16 10 7 0 7 9 17 0 7 16 7 
10 15 15 1 21 15 9 13 20 20 3 17 12 13 16 10 7 7 9 6 7 9 7 20 14 17 4 19 7 16 35 0 29 27 9 18 10 2 19 20 20 10 2 17 8 6 4 11 12 19 21 9 10 15 9 15 1 21 15 4 0 20 17 5 12 5 6 16 5 3 19 16 9 15 3 14 17 3 15 10 11 10 4 2 3 20 10 10 4 2 9 2 3 1 13 4 10 4 5 1 11 3 2 0 4 0 9 12 19 21 1 15 6 1 21 15 16 20 0 3 17 12 13 16 10 7 0 7 9 17 0 7 16 7 4 14 
1 21 15 9 13 20 20 3 17 12 13 16 10 7 7 9 6 7 9 7 20 14 17 4 19 7 16 35 0 29 27 9 18 10 2 19 20 20 10 2 17 8 6 4 11 12 19 21 9 10 15 9 15 1 21 15 4 0 20 17 5 12 5 6 16 5 3 19 16 9 15 3 14 17 3 15 10 11 10 4 2 3 20 10 10 4 2 9 2 3 1 13 4 10 4 5 1 11 3 2 0 4 0 9 12 19 21 1 15 6 1 21 15 16 20 0 3 17 12 13 16 10 7 0 7 9 17 0 7 16 7 4 14 17 4 19 9 16 
20 20 3 17 12 13 16 10 7 7 9 6 7 9 7 20 14 17 4 19 7 16 35 0 29 27 9 18 10 2 19 20 20 10 2 17 8 6 4 11 12 19 21 9 10 15 9 15 1 21 15 4 0 20 17 5 12 5 6 16 5 3 19 16 9 15 3 14 17 3 15 10 11 10 4 2 3 20 10 10 4 2 9 2 3 1 13 4 10 4 5 1 11 3 2 0 4 0 9 12 19 21 1 15 6 1 21 15 16 20 0 3 17 12 13 16 10 7 0 7 9 17 0 7 16 7 4 14 17 4 19 9 16 19 0 29 27 9 18 10 
13 16 7 7 9 6 7 9 7 20 14 17 4 19 7 16 35 0 29 27 9 18 10 2 19 20 20 10 2 17 8 6 4 11 12 19 21 9 10 15 9 15 1 21 15 4 0 20 17 5 12 5 6 16 5 3 19 16 9 15 3 14 17 3 15 10 11 10 4 2 3 20 10 10 4 2 9 2 3 1 13 4 10 4 5 1 11 3 2 0 4 0 9 12 19 21 1 15 6 1 21 15 16 20 0 3 17 12 13 16 10 7 0 7 9 17 0 7 16 7 4 14 17 4 19 9 16 19 0 29 27 9 18 10 2 19 
7 7 9 7 9 7 20 14 17 4 19 7 16 35 0 29 27 9 18 10 2 19 20 20 10 2 17 8 6 4 11 12 19 21 9 10 15 9 15 1 21 15 4 0 20 17 5 12 5 6 16 5 3 19 16 9 15 3 14 17 3 15 10 11 10 4 2 3 20 10 10 4 2 9 2 3 1 13 4 10 4 5 1 11 3 2 0 4 0 9 12 19 21 1 15 6 1 21 15 16 20 0 3 17 12 13 16 10 7 0 7 9 17 0 7 16 7 4 14 17 4 19 9 16 19 0 29 27 9 18 10 2 19 20 20 10 
20 14 17 4 19 7 16 35 0 29 27 9 18 10 2 19 20 20 10 2 17 8 6 4 11 12 19 21 9 10 15 9 15 1 21 15 4 0 20 17 5 12 5 6 16 5 3 19 16 9 15 3 14 17 3 15 10 11 10 4 2 3 20 10 10 4 2 9 2 3 1 13 4 10 4 5 1 11 3 2 0 4 0 9 12 19 21 1 15 6 1 21 15 16 20 0 3 17 12 13 16 10 7 0 7 9 17 0 7 16 7 4 14 17 4 19 9 16 19 0 29 27 9 18 10 2 19 20 20 10 2 17 8 6 4 
4 35 0 29 27 9 18 10 2 19 20 20 10 2 17 8 6 4 11 12 19 21 9 10 15 9 15 1 21 15 4 0 20 17 5 12 5 6 16 5 3 19 16 9 15 3 14 17 3 15 10 11 10 4 2 3 20 10 10 4 2 9 2 3 1 13 4 10 4 5 1 11 3 2 0 4 0 9 12 19 21 1 15 6 1 21 15 16 20 0 3 17 12 13 16 10 7 0 7 9 17 0 7 16 7 4 14 17 4 19 9 16 19 0 29 27 9 18 10 2 19 20 20 10 2 17 8 6 4 11 12 
0 27 18 2 19 20 20 10 2 17 8 6 4 11 12 19 21 9 10 15 9 15 1 21 15 4 0 20 17 5 12 5 6 16 5 3 19 16 9 15 3 14 17 3 15 10 11 10 4 2 3 20 10 10 4 2 9 2 3 1 13 4 10 4 5 1 11 3 2 0 4 0 9 12 19 21 1 15 6 1 21 15 16 20 0 3 17 12 13 16 10 7 0 7 9 17 0 7 16 7 4 14 17 4 19 9 16 19 0 29 27 9 18 10 2 19 20 20 10 2 17 8 6 4 11 12 19 21 9 
2 19 20 20 10 2 8 6 4 11 12 19 21 9 10 15 9 15 1 21 15 4 0 20 17 5 12 5 6 16 5 3 19 16 9 15 3 14 17 3 15 10 11 10 4 2 3 20 10 10 4 2 9 2 3 1 13 4 10 4 5 1 11 3 2 0 4 0 9 12 19 21 1 15 6 1 21 15 16 20 0 3 17 12 13 16 10 7 0 7 9 17 0 7 16 7 4 14 17 4 19 9 16 19 0 29 27 9 18 10 2 19 20 20 10 2 17 8 6 4 11 12 19 21 9 10 15 9 15 1 21 15 
2 8 6 4 11 12 19 21 9 10 15 9 15 1 21 15 4 0 20 17 5 12 5 6 16 5 3 19 16 9 15 3 14 17 3 15 10 11 10 4 2 3 20 10 10 4 2 9 2 3 1 13 4 10 4 5 1 11 3 2 0 4 0 9 12 19 21 1 15 6 1 21 15 16 20 0 3 17 12 13 16 10 7 0 7 9 17 0 7 16 7 4 14 17 4 19 9 16 19 0 29 27 9 18 10 2 19 20 20 10 2 17 8 6 4 11 12 19 21 9 10 15 9 15 1 21 15 4 0 20 
4 11 12 19 21 9 10 15 9 15 1 21 15 4 0 20 17 5 12 5 6 16 5 3 19 16 9 15 3 14 17 3 15 10 11 10 4 2 3 20 10 10 4 2 9 2 3 1 13 4 10 4 5 1 11 3 2 0 4 0 9 12 19 21 1 15 6 1 21 15 16 20 0 3 17 12 13 16 10 7 0 7 9 17 0 7 16 7 4 14 17 4 19 9 16 19 0 29 27 9 18 10 2 19 20 20 10 2 17 8 6 4 11 12 19 21 9 10 15 9 15 1 21 15 4 0 20 17 12 5 12 
11 12 19 21 9 10 15 9 15 1 21 15 4 0 20 17 5 12 5 6 16 5 3 19 16 9 15 3 14 17 3 15 10 11 10 4 2 3 20 10 10 4 2 9 2 3 1 13 4 10 4 5 1 11 3 2 0 4 0 9 12 19 21 1 15 6 1 21 15 16 20 0 3 17 12 13 16 10 7 0 7 9 17 0 7 16 7 4 14 17 4 19 9 16 19 0 29 27 9 18 10 2 19 20 20 10 2 17 8 6 4 11 12 19 21 9 10 15 9 15 1 21 15 4 0 20 17 12 5 12 13 16 5 3 19 7 9 
10 15 15 1 21 15 4 0 20 17 5 12 5 6 16 5 3 19 16 9 15 3 14 17 3 15 10 11 10 4 2 3 20 10 10 4 2 9 2 3 1 13 4 10 4 5 1 11 3 2 0 4 0 9 12 19 21 1 15 6 1 21 15 16 20 0 3 17 12 13 16 10 7 0 7 9 17 0 7 16 7 4 14 17 4 19 9 16 19 0 29 27 9 18 10 2 19 20 20 10 2 17 8 6 4 11 12 19 21 9 10 15 9 15 1 21 15 4 0 20 17 12 5 12 13 16 5 3 19 7 9 6 3 14 
1 21 15 4 0 20 17 5 12 5 6 16 5 3 19 16 9 15 3 14 17 3 15 10 11 10 4 2 3 20 10 10 4 2 9 2 3 1 13 4 10 4 5 1 11 3 2 0 4 0 9 12 19 21 1 15 6 1 21 15 16 20 0 3 17 12 13 16 10 7 0 7 9 17 0 7 16 7 4 14 17 4 19 9 16 19 0 29 27 9 18 10 2 19 20 20 10 2 17 8 6 4 11 12 19 21 9 10 15 9 15 1 21 15 4 0 20 17 12 5 12 13 16 5 3 19 7 9 6 3 14 17 3 15 10 
4 0 20 17 5 12 5 6 16 5 3 19 16 9 15 3 14 17 3 15 10 11 10 4 2 3 20 10 10 4 2 9 2 3 1 13 4 10 4 5 1 11 3 2 0 4 0 9 12 19 21 1 15 6 1 21 15 16 20 0 3 17 12 13 16 10 7 0 7 9 17 0 7 16 7 4 14 17 4 19 9 16 19 0 29 27 9 18 10 2 19 20 20 10 2 17 8 6 4 11 12 19 21 9 10 15 9 15 1 21 15 4 0 20 17 12 5 12 13 16 5 3 19 7 9 6 3 14 17 3 15 10 3 2 6 9 19 19 10 4 2 4 12 
6 16 5 3 19 16 9 15 3 14 17 3 15 10 11 10 4 2 3 20 10 10 4 2 9 2 3 1 13 4 10 4 5 1 11 3 2 0 4 0 9 12 19 21 1 15 6 1 21 15 16 20 0 3 17 12 13 16 10 7 0 7 9 17 0 7 16 7 4 14 17 4 19 9 16 19 0 29 27 9 18 10 2 19 20 20 10 2 17 8 6 4 11 12 19 21 9 10 15 9 15 1 21 15 4 0 20 17 12 5 12 13 16 5 3 19 7 9 6 3 14 17 3 15 10 3 2 6 9 19 19 10 4 2 4 12 5 5 1 
3 19 16 15 3 14 17 3 15 10 11 10 4 2 3 20 10 10 4 2 9 2 3 1 13 4 10 4 5 1 11 3 2 0 4 0 9 12 19 21 1 15 6 1 21 15 16 20 0 3 17 12 13 16 10 7 0 7 9 17 0 7 16 7 4 14 17 4 19 9 16 19 0 29 27 9 18 10 2 19 20 20 10 2 17 8 6 4 11 12 19 21 9 10 15 9 15 1 21 15 4 0 20 17 12 5 12 13 16 5 3 19 7 9 6 3 14 17 3 15 10 3 2 6 9 19 19 10 4 2 4 12 5 5 1 1 2 
15 3 14 17 3 15 10 11 10 4 2 3 20 10 10 4 2 9 2 3 1 13 4 10 4 5 1 11 3 2 0 4 0 9 12 19 21 1 15 6 1 21 15 16 20 0 3 17 12 13 16 10 7 0 7 9 17 0 7 16 7 4 14 17 4 19 9 16 19 0 29 27 9 18 10 2 19 20 20 10 2 17 8 6 4 11 12 19 21 9 10 15 9 15 1 21 15 4 0 20 17 12 5 12 13 16 5 3 19 7 9 6 3 14 17 3 15 10 3 2 6 9 19 19 10 4 2 4 12 5 5 1 1 2 14 2 4 5 12 36 
3 11 10 4 2 3 20 10 10 4 2 9 2 3 1 13 4 10 4 5 1 11 3 2 0 4 0 9 12 19 21 1 15 6 1 21 15 16 20 0 3 17 12 13 16 10 7 0 7 9 17 0 7 16 7 4 14 17 4 19 9 16 19 0 29 27 9 18 10 2 19 20 20 10 2 17 8 6 4 11 12 19 21 9 10 15 9 15 1 21 15 4 0 20 17 12 5 12 13 16 5 3 19 7 9 6 3 14 17 3 15 10 3 2 6 9 19 19 10 4 2 4 12 5 5 1 1 2 14 2 4 5 12 36 36 11 15 19 0 
20 10 10 4 2 9 2 3 1 13 4 10 4 5 1 11 3 2 0 4 0 9 12 19 21 1 15 6 1 21 15 16 20 0 3 17 12 13 16 10 7 0 7 9 17 0 7 16 7 4 14 17 4 19 9 16 19 0 29 27 9 18 10 2 19 20 20 10 2 17 8 6 4 11 12 19 21 9 10 15 9 15 1 21 15 4 0 20 17 12 5 12 13 16 5 3 19 7 9 6 3 14 17 3 15 10 3 2 6 9 19 19 10 4 2 4 12 5 5 1 1 2 14 2 4 5 12 36 36 11 15 19 0 3 2 24 10 16 
2 3 1 10 4 5 1 3 2 0 4 0 9 12 19 21 1 15 6 1 21 15 16 20 0 3 17 12 13 16 10 7 0 7 9 17 0 7 16 7 4 14 17 4 19 9 16 19 0 29 27 9 18 10 2 19 20 20 10 2 17 8 6 4 11 12 19 21 9 10 15 9 15 1 21 15 4 0 20 17 12 5 12 13 16 5 3 19 7 9 6 3 14 17 3 15 10 3 2 6 9 19 19 10 4 2 4 12 5 5 1 1 2 14 2 4 5 12 36 36 11 15 19 0 3 2 24 10 16 0 33 31 15 9 3 22 
3 1 10 4 5 1 3 2 0 4 0 9 12 19 21 1 15 6 1 21 15 16 20 0 3 17 12 13 16 10 7 0 7 9 17 0 7 16 7 4 14 17 4 19 9 16 19 0 29 27 9 18 10 2 19 20 20 10 2 17 8 6 4 11 12 19 21 9 10 15 9 15 1 21 15 4 0 20 17 12 5 12 13 16 5 3 19 7 9 6 3 14 17 3 15 10 3 2 6 9 19 19 10 4 2 4 12 5 5 1 1 2 14 2 4 5 12 36 36 11 15 19 0 3 2 24 10 16 0 33 31 15 9 3 22 21 3 19 
4 5 1 0 0 9 12 19 21 1 15 6 1 21 15 16 20 0 3 17 12 13 16 10 7 0 7 9 17 0 7 16 7 4 14 17 4 19 9 16 19 0 29 27 9 18 10 2 19 20 20 10 2 17 8 6 4 11 12 19 21 9 10 15 9 15 1 21 15 4 0 20 17 12 5 12 13 16 5 3 19 7 9 6 3 14 17 3 15 10 3 2 6 9 19 19 10 4 2 4 12 5 5 1 1 2 14 2 4 5 12 36 36 11 15 19 0 3 2 24 10 16 0 33 31 15 9 3 22 21 3 19 11 4 2 9 
9 19 21 1 15 6 1 21 15 16 20 0 3 17 12 13 16 10 7 0 7 9 17 0 7 16 7 4 14 17 4 19 9 16 19 0 29 27 9 18 10 2 19 20 20 10 2 17 8 6 4 11 12 19 21 9 10 15 9 15 1 21 15 4 0 20 17 12 5 12 13 16 5 3 19 7 9 6 3 14 17 3 15 10 3 2 6 9 19 19 10 4 2 4 12 5 5 1 1 2 14 2 4 5 12 36 36 11 15 19 0 3 2 24 10 16 0 33 31 15 9 3 22 21 3 19 11 4 2 9 1 16 1 0 2 1 0 9 9 
1 15 6 1 21 15 16 20 0 3 17 12 13 16 10 7 0 7 9 17 0 7 16 7 4 14 17 4 19 9 16 19 0 29 27 9 18 10 2 19 20 20 10 2 17 8 6 4 11 12 19 21 9 10 15 9 15 1 21 15 4 0 20 17 12 5 12 13 16 5 3 19 7 9 6 3 14 17 3 15 10 3 2 6 9 19 19 10 4 2 4 12 5 5 1 1 2 14 2 4 5 12 36 36 11 15 19 0 3 2 24 10 16 0 33 31 15 9 3 22 21 3 19 11 4 2 9 1 16 1 0 2 1 0 9 9 27 26 
1 21 15 16 20 0 3 17 12 13 16 10 7 0 7 9 17 0 7 16 7 4 14 17 4 19 9 16 19 0 29 27 9 18 10 2 19 20 20 10 2 17 8 6 4 11 12 19 21 9 10 15 9 15 1 21 15 4 0 20 17 12 5 12 13 16 5 3 19 7 9 6 3 14 17 3 15 10 3 2 6 9 19 19 10 4 2 4 12 5 5 1 1 2 14 2 4 5 12 36 36 11 15 19 0 3 2 24 10 16 0 33 31 15 9 3 22 21 3 19 11 4 2 9 1 16 1 0 2 1 0 9 9 27 26 26 0 2 14 10 15 4 
0 3 17 13 16 7 0 7 9 17 0 7 16 7 4 14 17 4 19 9 16 19 0 29 27 9 18 10 2 19 20 20 10 2 17 8 6 4 11 12 19 21 9 10 15 9 15 1 21 15 4 0 20 17 12 5 12 13 16 5 3 19 7 9 6 3 14 17 3 15 10 3 2 6 9 19 19 10 4 2 4 12 5 5 1 1 2 14 2 4 5 12 36 36 11 15 19 0 3 2 24 10 16 0 33 31 15 9 3 22 21 3 19 11 4 2 9 1 16 1 0 2 1 0 9 9 27 26 26 0 2 14 10 15 4 7 33 31 15 6 3 25 
13 16 7 0 7 9 17 0 7 16 7 4 14 17 4 19 9 16 19 0 29 27 9 18 10 2 19 20 20 10 2 17 8 6 4 11 12 19 21 9 10 15 9 15 1 21 15 4 0 20 17 12 5 12 13 16 5 3 19 7 9 6 3 14 17 3 15 10 3 2 6 9 19 19 10 4 2 4 12 5 5 1 1 2 14 2 4 5 12 36 36 11 15 19 0 3 2 24 10 16 0 33 31 15 9 3 22 21 3 19 11 4 2 9 1 16 1 0 2 1 0 9 9 27 26 26 0 2 14 10 15 4 7 33 31 15 6 3 25 5 
7 0 7 9 17 0 7 7 4 14 17 4 19 9 16 19 0 29 27 9 18 10 2 19 20 20 10 2 17 8 6 4 11 12 19 21 9 10 15 9 15 1 21 15 4 0 20 17 12 5 12 13 16 5 3 19 7 9 6 3 14 17 3 15 10 3 2 6 9 19 19 10 4 2 4 12 5 5 1 1 2 14 2 4 5 12 36 36 11 15 19 0 3 2 24 10 16 0 33 31 15 9 3 22 21 3 19 11 4 2 9 1 16 1 0 2 1 0 9 9 27 26 26 0 2 14 10 15 4 7 33 31 15 6 3 25 5 11 4 7 16 0 1 
4 17 4 19 19 0 29 27 9 18 10 2 19 20 20 10 2 17 8 6 4 11 12 19 21 9 10 15 9 15 1 21 15 4 0 20 17 12 5 12 13 16 5 3 19 7 9 6 3 14 17 3 15 10 3 2 6 9 19 19 10 4 2 4 12 5 5 1 1 2 14 2 4 5 12 36 36 11 15 19 0 3 2 24 10 16 0 33 31 15 9 3 22 21 3 19 11 4 2 9 1 16 1 0 2 1 0 9 9 27 26 26 0 2 14 10 15 4 7 33 31 15 6 3 25 5 11 4 7 16 0 1 1 1 0 19 23 2 1 8 28 21 12 
4 19 0 29 27 9 18 10 2 19 20 20 10 2 17 8 6 4 11 12 19 21 9 10 15 9 15 1 21 15 4 0 20 17 12 5 12 13 16 5 3 19 7 9 6 3 14 17 3 15 10 3 2 6 9 19 19 10 4 2 4 12 5 5 1 1 2 14 2 4 5 12 36 36 11 15 19 0 3 2 24 10 16 0 33 31 15 9 3 22 21 3 19 11 4 2 9 1 16 1 0 2 1 0 9 9 27 26 26 0 2 14 10 15 4 7 33 31 15 6 3 25 5 11 4 7 16 0 1 1 1 0 19 23 2 1 8 28 21 12 8 19 4 7 
0 27 18 2 19 20 20 10 2 17 8 6 4 11 12 19 21 9 10 15 9 15 1 21 15 4 0 20 17 12 5 12 13 16 5 3 19 7 9 6 3 14 17 3 15 10 3 2 6 9 19 19 10 4 2 4 12 5 5 1 1 2 14 2 4 5 12 36 36 11 15 19 0 3 2 24 10 16 0 33 31 15 9 3 22 21 3 19 11 4 2 9 1 16 1 0 2 1 0 9 9 27 26 26 0 2 14 10 15 4 7 33 31 15 6 3 25 5 11 4 7 16 0 1 1 1 0 19 23 2 1 8 28 21 12 8 19 4 7 1 1 2 18 10 16 
2 20 20 2 8 6 4 11 12 19 21 9 10 15 9 15 1 21 15 4 0 20 17 12 5 12 13 16 5 3 19 7 9 6 3 14 17 3 15 10 3 2 6 9 19 19 10 4 2 4 12 5 5 1 1 2 14 2 4 5 12 36 36 11 15 19 0 3 2 24 10 16 0 33 31 15 9 3 22 21 3 19 11 4 2 9 1 16 1 0 2 1 0 9 9 27 26 26 0 2 14 10 15 4 7 33 31 15 6 3 25 5 11 4 7 16 0 1 1 1 0 19 23 2 1 8 28 21 12 8 19 4 7 1 1 2 18 10 16 33 31 1 1 15 16 25 3 
2 8 6 4 11 12 19 21 9 10 15 9 15 1 21 15 4 0 20 17 12 5 12 13 16 5 3 19 7 9 6 3 14 17 3 15 10 3 2 6 9 19 19 10 4 2 4 12 5 5 1 1 2 14 2 4 5 12 36 36 11 15 19 0 3 2 24 10 16 0 33 31 15 9 3 22 21 3 19 11 4 2 9 1 16 1 0 2 1 0 9 9 27 26 26 0 2 14 10 15 4 7 33 31 15 6 3 25 5 11 4 7 16 0 1 1 1 0 19 23 2 1 8 28 21 12 8 19 4 7 1 1 2 18 10 16 33 31 1 1 15 16 25 3 2 8 3 
4 11 12 19 21 9 10 15 9 15 1 21 15 4 0 20 17 12 5 12 13 16 5 3 19 7 9 6 3 14 17 3 15 10 3 2 6 9 19 19 10 4 2 4 12 5 5 1 1 2 14 2 4 5 12 36 36 11 15 19 0 3 2 24 10 16 0 33 31 15 9 3 22 21 3 19 11 4 2 9 1 16 1 0 2 1 0 9 9 27 26 26 0 2 14 10 15 4 7 33 31 15 6 3 25 5 11 4 7 16 0 1 1 1 0 19 23 2 1 8 28 21 12 8 19 4 7 1 1 2 18 10 16 33 31 1 1 15 16 25 3 2 8 3 2 2 10 16 
11 19 21 10 15 15 1 21 15 4 0 20 17 12 5 12 13 16 5 3 19 7 9 6 3 14 17 3 15 10 3 2 6 9 19 19 10 4 2 4 12 5 5 1 1 2 14 2 4 5 12 36 36 11 15 19 0 3 2 24 10 16 0 33 31 15 9 3 22 21 3 19 11 4 2 9 1 16 1 0 2 1 0 9 9 27 26 26 0 2 14 10 15 4 7 33 31 15 6 3 25 5 11 4 7 16 0 1 1 1 0 19 23 2 1 8 28 21 12 8 19 4 7 1 1 2 18 10 16 33 31 1 1 15 16 25 3 2 8 3 2 2 10 16 3 19 21 5 16 9 3 
10 15 15 1 21 15 4 0 20 17 12 5 12 13 16 5 3 19 7 9 6 3 14 17 3 15 10 3 2 6 9 19 19 10 4 2 4 12 5 5 1 1 2 14 2 4 5 12 36 36 11 15 19 0 3 2 24 10 16 0 33 31 15 9 3 22 21 3 19 11 4 2 9 1 16 1 0 2 1 0 9 9 27 26 26 0 2 14 10 15 4 7 33 31 15 6 3 25 5 11 4 7 16 0 1 1 1 0 19 23 2 1 8 28 21 12 8 19 4 7 1 1 2 18 10 16 33 31 1 1 15 16 25 3 2 8 3 2 2 10 16 3 19 21 5 16 9 3 11 0 24 
1 21 15 4 0 20 17 12 5 12 13 16 5 3 19 7 9 6 3 14 17 3 15 10 3 2 6 9 19 19 10 4 2 4 12 5 5 1 1 2 14 2 4 5 12 36 36 11 15 19 0 3 2 24 10 16 0 33 31 15 9 3 22 21 3 19 11 4 2 9 1 16 1 0 2 1 0 9 9 27 26 26 0 2 14 10 15 4 7 33 31 15 6 3 25 5 11 4 7 16 0 1 1 1 0 19 23 2 1 8 28 21 12 8 19 4 7 1 1 2 18 10 16 33 31 1 1 15 16 25 3 2 8 3 2 2 10 16 3 19 21 5 16 9 3 11 0 24 24 14 10 16 4 
0 17 5 13 16 5 3 19 7 9 6 3 14 17 3 15 10 3 2 6 9 19 19 10 4 2 4 12 5 5 1 1 2 14 2 4 5 12 36 36 11 15 19 0 3 2 24 10 16 0 33 31 15 9 3 22 21 3 19 11 4 2 9 1 16 1 0 2 1 0 9 9 27 26 26 0 2 14 10 15 4 7 33 31 15 6 3 25 5 11 4 7 16 0 1 1 1 0 19 23 2 1 8 28 21 12 8 19 4 7 1 1 2 18 10 16 33 31 1 1 15 16 25 3 2 8 3 2 2 10 16 3 19 21 5 16 9 3 11 0 24 24 14 10 16 4 4 24 24 14 10 19 3 
13 16 5 3 19 7 9 6 3 14 17 3 15 10 3 2 6 9 19 19 10 4 2 4 12 5 5 1 1 2 14 2 4 5 12 36 36 11 15 19 0 3 2 24 10 16 0 33 31 15 9 3 22 21 3 19 11 4 2 9 1 16 1 0 2 1 0 9 9 27 26 26 0 2 14 10 15 4 7 33 31 15 6 3 25 5 11 4 7 16 0 1 1 1 0 19 23 2 1 8 28 21 12 8 19 4 7 1 1 2 18 10 16 33 31 1 1 15 16 25 3 2 8 3 2 2 10 16 3 19 21 5 16 9 3 11 0 24 24 14 10 16 4 4 24 24 14 10 19 3 4 3 3 19 
3 19 9 6 3 14 17 3 15 10 3 2 6 9 19 19 10 4 2 4 12 5 5 1 1 2 14 2 4 5 12 36 36 11 15 19 0 3 2 24 10 16 0 33 31 15 9 3 22 21 3 19 11 4 2 9 1 16 1 0 2 1 0 9 9 27 26 26 0 2 14 10 15 4 7 33 31 15 6 3 25 5 11 4 7 16 0 1 1 1 0 19 23 2 1 8 28 21 12 8 19 4 7 1 1 2 18 10 16 33 31 1 1 15 16 25 3 2 8 3 2 2 10 16 3 19 21 5 16 9 3 11 0 24 24 14 10 16 4 4 24 24 14 10 19 3 4 3 3 19 19 19 
3 17 3 15 3 2 6 9 19 19 10 4 2 4 12 5 5 1 1 2 14 2 4 5 12 36 36 11 15 19 0 3 2 24 10 16 0 33 31 15 9 3 22 21 3 19 11 4 2 9 1 16 1 0 2 1 0 9 9 27 26 26 0 2 14 10 15 4 7 33 31 15 6 3 25 5 11 4 7 16 0 1 1 1 0 19 23 2 1 8 28 21 12 8 19 4 7 1 1 2 18 10 16 33 31 1 1 15 16 25 3 2 8 3 2 2 10 16 3 19 21 5 16 9 3 11 0 24 24 14 10 16 4 4 24 24 14 10 19 3 4 3 3 19 19 19 0 0 20 4 14 6 
3 3 2 6 9 19 19 10 4 2 4 12 5 5 1 1 2 14 2 4 5 12 36 36 11 15 19 0 3 2 24 10 16 0 33 31 15 9 3 22 21 3 19 11 4 2 9 1 16 1 0 2 1 0 9 9 27 26 26 0 2 14 10 15 4 7 33 31 15 6 3 25 5 11 4 7 16 0 1 1 1 0 19 23 2 1 8 28 21 12 8 19 4 7 1 1 2 18 10 16 33 31 1 1 15 16 25 3 2 8 3 2 2 10 16 3 19 21 5 16 9 3 11 0 24 24 14 10 16 4 4 24 24 14 10 19 3 4 3 3 19 19 19 0 0 20 4 14 6 1 12 
19 10 4 2 4 12 5 5 1 1 2 14 2 4 5 12 36 36 11 15 19 0 3 2 24 10 16 0 33 31 15 9 3 22 21 3 19 11 4 2 9 1 16 1 0 2 1 0 9 9 27 26 26 0 2 14 10 15 4 7 33 31 15 6 3 25 5 11 4 7 16 0 1 1 1 0 19 23 2 1 8 28 21 12 8 19 4 7 1 1 2 18 10 16 33 31 1 1 15 16 25 3 2 8 3 2 2 10 16 3 19 21 5 16 9 3 11 0 24 24 14 10 16 4 4 24 24 14 10 19 3 4 3 3 19 19 19 0 0 20 4 14 6 1 12 19 21 9 
5 1 1 2 12 36 36 11 15 19 0 3 2 24 10 16 0 33 31 15 9 3 22 21 3 19 11 4 2 9 1 16 1 0 2 1 0 9 9 27 26 26 0 2 14 10 15 4 7 33 31 15 6 3 25 5 11 4 7 16 0 1 1 1 0 19 23 2 1 8 28 21 12 8 19 4 7 1 1 2 18 10 16 33 31 1 1 15 16 25 3 2 8 3 2 2 10 16 3 19 21 5 16 9 3 11 0 24 24 14 10 16 4 4 24 24 14 10 19 3 4 3 3 19 19 19 0 0 20 4 14 6 1 12 19 21 9 10 15 9 15 1 21 6 9 
2 12 36 36 11 15 19 0 3 2 24 10 16 0 33 31 15 9 3 22 21 3 19 11 4 2 9 1 16 1 0 2 1 0 9 9 27 26 26 0 2 14 10 15 4 7 33 31 15 6 3 25 5 11 4 7 16 0 1 1 1 0 19 23 2 1 8 28 21 12 8 19 4 7 1 1 2 18 10 16 33 31 1 1 15 16 25 3 2 8 3 2 2 10 16 3 19 21 5 16 9 3 11 0 24 24 14 10 16 4 4 24 24 14 10 19 3 4 3 3 19 19 19 0 0 20 4 14 6 1 12 19 21 9 10 15 9 15 1 21 6 9 16 20 0 
12 36 11 15 19 0 3 2 24 10 16 0 33 31 15 9 3 22 21 3 19 11 4 2 9 1 16 1 0 2 1 0 9 9 27 26 26 0 2 14 10 15 4 7 33 31 15 6 3 25 5 11 4 7 16 0 1 1 1 0 19 23 2 1 8 28 21 12 8 19 4 7 1 1 2 18 10 16 33 31 1 1 15 16 25 3 2 8 3 2 2 10 16 3 19 21 5 16 9 3 11 0 24 24 14 10 16 4 4 24 24 14 10 19 3 4 3 3 19 19 19 0 0 20 4 14 6 1 12 19 21 9 10 15 9 15 1 21 6 9 16 20 0 3 17 12 
0 3 2 24 16 0 33 31 15 9 3 22 21 3 19 11 4 2 9 1 16 1 0 2 1 0 9 9 27 26 26 0 2 14 10 15 4 7 33 31 15 6 3 25 5 11 4 7 16 0 1 1 1 0 19 23 2 1 8 28 21 12 8 19 4 7 1 1 2 18 10 16 33 31 1 1 15 16 25 3 2 8 3 2 2 10 16 3 19 21 5 16 9 3 11 0 24 24 14 10 16 4 4 24 24 14 10 19 3 4 3 3 19 19 19 0 0 20 4 14 6 1 12 19 21 9 10 15 9 15 1 21 6 9 16 20 0 3 17 12 13 16 10 7 16 17 16 7 
2 0 33 31 15 9 3 22 21 3 19 11 4 2 9 1 16 1 0 2 1 0 9 9 27 26 26 0 2 14 10 15 4 7 33 31 15 6 3 25 5 11 4 7 16 0 1 1 1 0 19 23 2 1 8 28 21 12 8 19 4 7 1 1 2 18 10 16 33 31 1 1 15 16 25 3 2 8 3 2 2 10 16 3 19 21 5 16 9 3 11 0 24 24 14 10 16 4 4 24 24 14 10 19 3 4 3 3 19 19 19 0 0 20 4 14 6 1 12 19 21 9 10 15 9 15 1 21 6 9 16 20 0 3 17 12 13 16 10 7 16 17 16 7 3 14 
31 22 21 3 19 11 4 2 9 1 16 1 0 2 1 0 9 9 27 26 26 0 2 14 10 15 4 7 33 31 15 6 3 25 5 11 4 7 16 0 1 1 1 0 19 23 2 1 8 28 21 12 8 19 4 7 1 1 2 18 10 16 33 31 1 1 15 16 25 3 2 8 3 2 2 10 16 3 19 21 5 16 9 3 11 0 24 24 14 10 16 4 4 24 24 14 10 19 3 4 3 3 19 19 19 0 0 20 4 14 6 1 12 19 21 9 10 15 9 15 1 21 6 9 16 20 0 3 17 12 13 16 10 7 16 17 16 7 3 14 17 4 19 9 16 
4 2 9 1 16 1 0 2 1 0 9 9 27 26 26 0 2 14 10 15 4 7 33 31 15 6 3 25 5 11 4 7 16 0 1 1 1 0 19 23 2 1 8 28 21 12 8 19 4 7 1 1 2 18 10 16 33 31 1 1 15 16 25 3 2 8 3 2 2 10 16 3 19 21 5 16 9 3 11 0 24 24 14 10 16 4 4 24 24 14 10 19 3 4 3 3 19 19 19 0 0 20 4 14 6 1 12 19 21 9 10 15 9 15 1 21 6 9 16 20 0 3 17 12 13 16 10 7 16 17 16 7 3 14 17 4 19 9 16 19 2 27 27 9 18 10 
4 2 1 16 0 2 0 9 9 27 26 26 0 2 14 10 15 4 7 33 31 15 6 3 25 5 11 4 7 16 0 1 1 1 0 19 23 2 1 8 28 21 12 8 19 4 7 1 1 2 18 10 16 33 31 1 1 15 16 25 3 2 8 3 2 2 10 16 3 19 21 5 16 9 3 11 0 24 24 14 10 16 4 4 24 24 14 10 19 3 4 3 3 19 19 19 0 0 20 4 14 6 1 12 19 21 9 10 15 9 15 1 21 6 9 16 20 0 3 17 12 13 16 10 7 16 17 16 7 3 14 17 4 19 9 16 19 2 27 27 9 18 10 2 19 
16 0 2 0 9 27 26 26 0 2 14 10 15 4 7 33 31 15 6 3 25 5 11 4 7 16 0 1 1 1 0 19 23 2 1 8 28 21 12 8 19 4 7 1 1 2 18 10 16 33 31 1 1 15 16 25 3 2 8 3 2 2 10 16 3 19 21 5 16 9 3 11 0 24 24 14 10 16 4 4 24 24 14 10 19 3 4 3 3 19 19 19 0 0 20 4 14 6 1 12 19 21 9 10 15 9 15 1 21 6 9 16 20 0 3 17 12 13 16 10 7 16 17 16 7 3 14 17 4 19 9 16 19 2 27 27 9 18 10 2 19 20 20 10 
26 0 2 10 7 33 31 15 6 3 25 5 11 4 7 16 0 1 1 1 0 19 23 2 1 8 28 21 12 8 19 4 7 1 1 2 18 10 16 33 31 1 1 15 16 25 3 2 8 3 2 2 10 16 3 19 21 5 16 9 3 11 0 24 24 14 10 16 4 4 24 24 14 10 19 3 4 3 3 19 19 19 0 0 20 4 14 6 1 12 19 21 9 10 15 9 15 1 21 6 9 16 20 0 3 17 12 13 16 10 7 16 17 16 7 3 14 17 4 19 9 16 19 2 27 27 9 18 10 2 19 20 20 10 2 1 4 14 
0 2 7 33 31 15 6 3 25 5 11 4 7 16 0 1 1 1 0 19 23 2 1 8 28 21 12 8 19 4 7 1 1 2 18 10 16 33 31 1 1 15 16 25 3 2 8 3 2 2 10 16 3 19 21 5 16 9 3 11 0 24 24 14 10 16 4 4 24 24 14 10 19 3 4 3 3 19 19 19 0 0 20 4 14 6 1 12 19 21 9 10 15 9 15 1 21 6 9 16 20 0 3 17 12 13 16 10 7 16 17 16 7 3 14 17 4 19 9 16 19 2 27 27 9 18 10 2 19 20 20 10 2 1 4 14 8 1 12 
31 25 5 11 4 7 16 0 1 1 1 0 19 23 2 1 8 28 21 12 8 19 4 7 1 1 2 18 10 16 33 31 1 1 15 16 25 3 2 8 3 2 2 10 16 3 19 21 5 16 9 3 11 0 24 24 14 10 16 4 4 24 24 14 10 19 3 4 3 3 19 19 19 0 0 20 4 14 6 1 12 19 21 9 10 15 9 15 1 21 6 9 16 20 0 3 17 12 13 16 10 7 16 17 16 7 3 14 17 4 19 9 16 19 2 27 27 9 18 10 2 19 20 20 10 2 1 4 14 8 1 12 19 21 9 
4 7 0 1 1 0 19 23 2 1 8 28 21 12 8 19 4 7 1 1 2 18 10 16 33 31 1 1 15 16 25 3 2 8 3 2 2 10 16 3 19 21 5 16 9 3 11 0 24 24 14 10 16 4 4 24 24 14 10 19 3 4 3 3 19 19 19 0 0 20 4 14 6 1 12 19 21 9 10 15 9 15 1 21 6 9 16 20 0 3 17 12 13 16 10 7 16 17 16 7 3 14 17 4 19 9 16 19 2 27 27 9 18 10 2 19 20 20 10 2 1 4 14 8 1 12 19 21 9 4 6 15 6 1 21 
4 0 1 1 0 19 23 2 1 8 28 21 12 8 19 4 7 1 1 2 18 10 16 33 31 1 1 15 16 25 3 2 8 3 2 2 10 16 3 19 21 5 16 9 3 11 0 24 24 14 10 16 4 4 24 24 14 10 19 3 4 3 3 19 19 19 0 0 20 4 14 6 1 12 19 21 9 10 15 9 15 1 21 6 9 16 20 0 3 17 12 13 16 10 7 16 17 16 7 3 14 17 4 19 9 16 19 2 27 27 9 18 10 2 19 20 20 10 2 1 4 14 8 1 12 19 21 9 4 6 15 6 1 21 15 4 0 20 
0 23 2 1 8 28 21 8 19 4 7 1 1 2 18 10 16 33 31 1 1 15 16 25 3 2 8 3 2 2 10 16 3 19 21 5 16 9 3 11 0 24 24 14 10 16 4 4 24 24 14 10 19 3 4 3 3 19 19 19 0 0 20 4 14 6 1 12 19 21 9 10 15 9 15 1 21 6 9 16 20 0 3 17 12 13 16 10 7 16 17 16 7 3 14 17 4 19 9 16 19 2 27 27 9 18 10 2 19 20 20 10 2 1 4 14 8 1 12 19 21 9 4 6 15 6 1 21 15 4 0 20 17 17 5 7 
7 1 1 2 18 33 31 1 1 15 16 25 3 2 8 3 2 2 10 16 3 19 21 5 16 9 3 11 0 24 24 14 10 16 4 4 24 24 14 10 19 3 4 3 3 19 19 19 0 0 20 4 14 6 1 12 19 21 9 10 15 9 15 1 21 6 9 16 20 0 3 17 12 13 16 10 7 16 17 16 7 3 14 17 4 19 9 16 19 2 27 27 9 18 10 2 19 20 20 10 2 1 4 14 8 1 12 19 21 9 4 6 15 6 1 21 15 4 0 20 17 17 5 7 13 16 5 3 19 7 
1 2 33 31 1 1 15 16 25 3 2 8 3 2 2 10 16 3 19 21 5 16 9 3 11 0 24 24 14 10 16 4 4 24 24 14 10 19 3 4 3 3 19 19 19 0 0 20 4 14 6 1 12 19 21 9 10 15 9 15 1 21 6 9 16 20 0 3 17 12 13 16 10 7 16 17 16 7 3 14 17 4 19 9 16 19 2 27 27 9 18 10 2 19 20 20 10 2 1 4 14 8 1 12 19 21 9 4 6 15 6 1 21 15 4 0 20 17 17 5 7 13 16 5 3 19 7 9 6 3 14 
1 1 16 2 8 3 2 2 10 16 3 19 21 5 16 9 3 11 0 24 24 14 10 16 4 4 24 24 14 10 19 3 4 3 3 19 19 19 0 0 20 4 14 6 1 12 19 21 9 10 15 9 15 1 21 6 9 16 20 0 3 17 12 13 16 10 7 16 17 16 7 3 14 17 4 19 9 16 19 2 27 27 9 18 10 2 19 20 20 10 2 1 4 14 8 1 12 19 21 9 4 6 15 6 1 21 15 4 0 20 17 17 5 7 13 16 5 3 19 7 9 6 3 14 17 3 15 10 
3 2 2 3 19 21 5 16 9 3 11 0 24 24 14 10 16 4 4 24 24 14 10 19 3 4 3 3 19 19 19 0 0 20 4 14 6 1 12 19 21 9 10 15 9 15 1 21 6 9 16 20 0 3 17 12 13 16 10 7 16 17 16 7 3 14 17 4 19 9 16 19 2 27 27 9 18 10 2 19 20 20 10 2 1 4 14 8 1 12 19 21 9 4 6 15 6 1 21 15 4 0 20 17 17 5 7 13 16 5 3 19 7 9 6 3 14 17 3 15 10 1 4 2 16 19 10 10 20 16 2 
2 19 21 5 16 9 3 11 0 24 24 14 10 16 4 4 24 24 14 10 19 3 4 3 3 19 19 19 0 0 20 4 14 6 1 12 19 21 9 10 15 9 15 1 21 6 9 16 20 0 3 17 12 13 16 10 7 16 17 16 7 3 14 17 4 19 9 16 19 2 27 27 9 18 10 2 19 20 20 10 2 1 4 14 8 1 12 19 21 9 4 6 15 6 1 21 15 4 0 20 17 17 5 7 13 16 5 3 19 7 9 6 3 14 17 3 15 10 1 4 2 16 19 10 10 20 16 2 9 9 
21 16 11 0 24 24 14 10 16 4 4 24 24 14 10 19 3 4 3 3 19 19 19 0 0 20 4 14 6 1 12 19 21 9 10 15 9 15 1 21 6 9 16 20 0 3 17 12 13 16 10 7 16 17 16 7 3 14 17 4 19 9 16 19 2 27 27 9 18 10 2 19 20 20 10 2 1 4 14 8 1 12 19 21 9 4 6 15 6 1 21 15 4 0 20 17 17 5 7 13 16 5 3 19 7 9 6 3 14 17 3 15 10 1 4 2 16 19 10 10 20 16 2 9 9 2 10 4 5 3 15 1 
0 24 10 4 24 24 14 10 19 3 4 3 3 19 19 19 0 0 20 4 14 6 1 12 19 21 9 10 15 9 15 1 21 6 9 16 20 0 3 17 12 13 16 10 7 16 17 16 7 3 14 17 4 19 9 16 19 2 27 27 9 18 10 2 19 20 20 10 2 1 4 14 8 1 12 19 21 9 4 6 15 6 1 21 15 4 0 20 17 17 5 7 13 16 5 3 19 7 9 6 3 14 17 3 15 10 1 4 2 16 19 10 10 20 16 2 9 9 2 10 4 5 3 15 1 7 2 2 
4 24 24 14 10 19 3 4 3 3 19 19 19 0 0 20 4 14 6 1 12 19 21 9 10 15 9 15 1 21 6 9 16 20 0 3 17 12 13 16 10 7 16 17 16 7 3 14 17 4 19 9 16 19 2 27 27 9 18 10 2 19 20 20 10 2 1 4 14 8 1 12 19 21 9 4 6 15 6 1 21 15 4 0 20 17 17 5 7 13 16 5 3 19 7 9 6 3 14 17 3 15 10 1 4 2 16 19 10 10 20 16 2 9 9 2 10 4 5 3 15 1 7 2 2 9 4 7 0 
24 10 4 3 3 19 19 19 0 0 20 4 14 6 1 12 19 21 9 10 15 9 15 1 21 6 9 16 20 0 3 17 12 13 16 10 7 16 17 16 7 3 14 17 4 19 9 16 19 2 27 27 9 18 10 2 19 20 20 10 2 1 4 14 8 1 12 19 21 9 4 6 15 6 1 21 15 4 0 20 17 17 5 7 13 16 5 3 19 7 9 6 3 14 17 3 15 10 1 4 2 16 19 10 10 20 16 2 9 9 2 10 4 5 3 15 1 7 2 2 9 4 7 0 4 
3 19 19 0 0 20 6 1 12 19 21 9 10 15 9 15 1 21 6 9 16 20 0 3 17 12 13 16 10 7 16 17 16 7 3 14 17 4 19 9 16 19 2 27 27 9 18 10 2 19 20 20 10 2 1 4 14 8 1 12 19 21 9 4 6 15 6 1 21 15 4 0 20 17 17 5 7 13 16 5 3 19 7 9 6 3 14 17 3 15 10 1 4 2 16 19 10 10 20 16 2 9 9 2 10 4 5 3 15 1 7 2 2 9 4 7 0 4 5 0 10 
0 0 20 6 1 12 19 21 9 10 15 9 15 1 21 6 9 16 20 0 3 17 12 13 16 10 7 16 17 16 7 3 14 17 4 19 9 16 19 2 27 27 9 18 10 2 19 20 20 10 2 1 4 14 8 1 12 19 21 9 4 6 15 6 1 21 15 4 0 20 17 17 5 7 13 16 5 3 19 7 9 6 3 14 17 3 15 10 1 4 2 16 19 10 10 20 16 2 9 9 2 10 4 5 3 15 1 7 2 2 9 4 7 0 4 5 0 10 5 3 9 
0 1 12 19 21 9 10 15 9 15 1 21 6 9 16 20 0 3 17 12 13 16 10 7 16 17 16 7 3 14 17 4 19 9 16 19 2 27 27 9 18 10 2 19 20 20 10 2 1 4 14 8 1 12 19 21 9 4 6 15 6 1 21 15 4 0 20 17 17 5 7 13 16 5 3 19 7 9 6 3 14 17 3 15 10 1 4 2 16 19 10 10 20 16 2 9 9 2 10 4 5 3 15 1 7 2 2 9 4 7 0 4 5 0 10 5 3 9 1 6 
1 19 21 10 15 15 1 21 6 9 16 20 0 3 17 12 13 16 10 7 16 17 16 7 3 14 17 4 19 9 16 19 2 27 27 9 18 10 2 19 20 20 10 2 1 4 14 8 1 12 19 21 9 4 6 15 6 1 21 15 4 0 20 17 17 5 7 13 16 5 3 19 7 9 6 3 14 17 3 15 10 1 4 2 16 19 10 10 20 16 2 9 9 2 10 4 5 3 15 1 7 2 2 9 4 7 0 4 5 0 10 5 3 9 1 6 1 
10 15 15 1 21 6 9 16 20 0 3 17 12 13 16 10 7 16 17 16 7 3 14 17 4 19 9 16 19 2 27 27 9 18 10 2 19 20 20 10 2 1 4 14 8 1 12 19 21 9 4 6 15 6 1 21 15 4 0 20 17 17 5 7 13 16 5 3 19 7 9 6 3 14 17 3 15 10 1 4 2 16 19 10 10 20 16 2 9 9 2 10 4 5 3 15 1 7 2 2 9 4 7 0 4 5 0 10 5 3 9 1 6 1 
1 21 6 9 16 20 0 3 17 12 13 16 10 7 16 17 16 7 3 14 17 4 19 9 16 19 2 27 27 9 18 10 2 19 20 20 10 2 1 4 14 8 1 12 19 21 9 4 6 15 6 1 21 15 4 0 20 17 17 5 7 13 16 5 3 19 7 9 6 3 14 17 3 15 10 1 4 2 16 19 10 10 20 16 2 9 9 2 10 4 5 3 15 1 7 2 2 9 4 7 0 4 5 0 10 5 3 9 1 6 1 
0 3 17 13 16 7 16 17 16 7 3 14 17 4 19 9 16 19 2 27 27 9 18 10 2 19 20 20 10 2 1 4 14 8 1 12 19 21 9 4 6 15 6 1 21 15 4 0 20 17 17 5 7 13 16 5 3 19 7 9 6 3 14 17 3 15 10 1 4 2 16 19 10 10 20 16 2 9 9 2 10 4 5 3 15 1 7 2 2 9 4 7 0 4 5 0 10 5 3 9 1 6 1 
13 16 7 16 17 16 7 3 14 17 4 19 9 16 19 2 27 27 9 18 10 2 19 20 20 10 2 1 4 14 8 1 12 19 21 9 4 6 15 6 1 21 15 4 0 20 17 17 5 7 13 16 5 3 19 7 9 6 3 14 17 3 15 10 1 4 2 16 19 10 10 20 16 2 9 9 2 10 4 5 3 15 1 7 2 2 9 4 7 0 4 5 0 10 5 3 9 1 6 1 
7 16 17 16 3 14 17 4 19 9 16 19 2 27 27 9 18 10 2 19 20 20 10 2 1 4 14 8 1 12 19 21 9 4 6 15 6 1 21 15 4 0 20 17 17 5 7 13 16 5 3 19 7 9 6 3 14 17 3 15 10 1 4 2 16 19 10 10 20 16 2 9 9 2 10 4 5 3 15 1 7 2 2 9 4 7 0 4 5 0 10 5 3 9 1 6 1 
3 17 4 19 19 2 27 27 9 18 10 2 19 20 20 10 2 1 4 14 8 1 12 19 21 9 4 6 15 6 1 21 15 4 0 20 17 17 5 7 13 16 5 3 19 7 9 6 3 14 17 3 15 10 1 4 2 16 19 10 10 20 16 2 9 9 2 10 4 5 3 15 1 7 2 2 9 4 7 0 4 5 0 10 5 3 9 1 6 1 
4 19 2 27 27 9 18 10 2 19 20 20 10 2 1 4 14 8 1 12 19 21 9 4 6 15 6 1 21 15 4 0 20 17 17 5 7 13 16 5 3 19 7 9 6 3 14 17 3 15 10 1 4 2 16 19 10 10 20 16 2 9 9 2 10 4 5 3 15 1 7 2 2 9 4 7 0 4 5 0 10 5 3 9 1 6 1 
2 27 18 2 19 20 20 10 2 1 4 14 8 1 12 19 21 9 4 6 15 6 1 21 15 4 0 20 17 17 5 7 13 16 5 3 19 7 9 6 3 14 17 3 15 10 1 4 2 16 19 10 10 20 16 2 9 9 2 10 4 5 3 15 1 7 2 2 9 4 7 0 4 5 0 10 5 3 9 1 6 1 
