2 1 2 5 3 4 2 5 2 1 2 5 3 4 2 5 2 1 2 5 3 4 2 5 2 1 2 5 3 4 2 5 2 1 2 5 3 4 2 5 2 1 2 2 4 4 2 5 2 1 2 5 3 4 2 5 2 1 2 
2 1 2 5 3 4 2 5 2 1 2 5 3 4 2 5 2 1 2 5 3 4 2 5 2 1 2 5 3 4 2 5 2 1 2 5 3 4 2 5 2 1 2 2 4 4 2 5 2 1 2 5 3 4 2 5 2 1 2 2 4 
2 1 2 5 3 4 2 5 2 1 2 5 3 4 2 5 2 1 2 5 3 4 2 5 2 1 2 5 3 4 2 5 2 1 2 5 3 4 2 5 2 1 2 2 4 4 2 5 2 1 2 5 3 4 2 5 2 1 2 2 4 4 2 
2 1 2 5 3 4 2 5 2 1 2 5 3 4 2 5 2 1 2 5 3 4 2 5 2 1 2 5 3 4 2 5 2 1 2 5 3 4 2 5 2 1 2 2 4 4 2 5 2 1 2 5 3 4 2 5 2 1 2 2 4 4 2 5 2 
2 1 2 5 3 4 2 5 2 1 2 5 3 4 2 5 2 1 2 5 3 4 2 5 2 1 2 5 3 4 2 5 2 1 2 5 3 4 2 5 2 1 2 2 4 4 2 5 2 1 2 5 3 4 2 5 2 1 2 2 4 4 2 5 2 1 2 
5 3 4 2 5 2 1 2 5 3 4 2 5 2 1 2 5 3 4 2 5 2 1 2 5 3 4 2 5 2 1 2 5 3 4 2 5 2 1 2 2 4 4 2 5 2 1 2 5 3 4 2 5 2 1 2 2 4 4 2 5 2 1 2 5 3 4 
4 2 5 2 1 2 5 3 4 2 5 2 1 2 5 3 4 2 5 2 1 2 5 3 4 2 5 2 1 2 5 3 4 2 5 2 1 2 2 4 4 2 5 2 1 2 5 3 4 2 5 2 1 2 2 4 4 2 5 2 1 2 5 3 4 2 
5 2 1 2 5 3 4 2 5 2 1 2 5 3 4 2 5 2 1 2 5 3 4 2 5 2 1 2 5 3 4 2 5 2 1 2 2 4 4 2 5 2 1 2 5 3 4 2 5 2 1 2 2 4 4 2 5 2 1 2 5 3 4 2 5 2 1 2 
2 5 3 4 2 5 2 1 2 5 3 4 2 5 2 1 2 5 3 4 2 5 2 1 2 5 3 4 2 5 2 1 2 2 4 4 2 5 2 1 2 5 3 4 2 5 2 1 2 2 4 4 2 5 2 1 2 5 3 4 2 5 2 1 2 5 3 
4 2 5 2 1 2 5 3 4 2 5 2 1 2 5 3 4 2 5 2 1 2 5 3 4 2 5 2 1 2 2 4 4 2 5 2 1 2 5 3 4 2 5 2 1 2 2 4 4 2 5 2 1 2 5 3 4 2 5 2 1 2 5 3 4 2 
5 2 1 2 5 3 4 2 5 2 1 2 5 3 4 2 5 2 1 2 5 3 4 2 5 2 1 2 2 4 4 2 5 2 1 2 5 3 4 2 5 2 1 2 2 4 4 2 5 2 1 2 5 3 4 2 5 2 1 2 5 3 4 2 5 
2 1 2 5 3 4 2 5 2 1 2 5 3 4 2 5 2 1 2 5 3 4 2 5 2 1 2 2 4 4 2 5 2 1 2 5 3 4 2 5 2 1 2 2 4 4 2 5 2 1 2 5 3 4 2 5 2 1 2 5 3 4 2 5 2 1 2 
5 3 4 2 5 2 1 2 5 3 4 2 5 2 1 2 5 3 4 2 5 2 1 2 2 4 4 2 5 2 1 2 5 3 4 2 5 2 1 2 2 4 4 2 5 2 1 2 5 3 4 2 5 2 1 2 5 3 4 2 5 2 1 2 5 3 
4 2 5 2 1 2 5 3 4 2 5 2 1 2 5 3 4 2 5 2 1 2 2 4 4 2 5 2 1 2 5 3 4 2 5 2 1 2 2 4 4 2 5 2 1 2 5 3 4 2 5 2 1 2 5 3 4 2 5 2 1 2 5 3 4 2 
5 2 1 2 5 3 4 2 5 2 1 2 5 3 4 2 5 2 1 2 2 4 4 2 5 2 1 2 5 3 4 2 5 2 1 2 2 4 4 2 5 2 1 2 5 3 4 2 5 2 1 2 5 3 4 2 5 2 1 2 5 3 4 2 5 2 1 
1 2 5 3 4 2 5 2 1 2 5 3 4 2 5 2 1 2 2 4 4 2 5 2 1 2 5 3 4 2 5 2 1 2 2 4 4 2 5 2 1 2 5 3 4 2 5 2 1 2 5 3 4 2 5 2 1 2 5 3 4 2 5 2 1 2 5 3 
3 4 2 5 2 1 2 5 3 4 2 5 2 1 2 2 4 4 2 5 2 1 2 5 3 4 2 5 2 1 2 2 4 4 2 5 2 1 2 5 3 4 2 5 2 1 2 5 3 4 2 5 2 1 2 5 3 4 2 5 2 1 2 5 3 4 2 
2 5 2 1 2 5 3 4 2 5 2 1 2 2 4 4 2 5 2 1 2 5 3 4 2 5 2 1 2 2 4 4 2 5 2 1 2 5 3 4 2 5 2 1 2 5 3 4 2 5 2 1 2 5 3 4 2 5 2 1 2 5 3 4 2 
2 1 2 5 3 4 2 5 2 1 2 2 4 4 2 5 2 1 2 5 3 4 2 5 2 1 2 2 4 4 2 5 2 1 2 5 3 4 2 5 2 1 2 5 3 4 2 5 2 1 2 5 3 4 2 5 2 1 2 5 3 4 2 5 2 1 2 
5 3 4 2 5 2 1 2 2 4 4 2 5 2 1 2 5 3 4 2 5 2 1 2 2 4 4 2 5 2 1 2 5 3 4 2 5 2 1 2 5 3 4 2 5 2 1 2 5 3 4 2 5 2 1 2 5 3 4 2 5 2 1 2 5 3 
4 2 5 2 1 2 2 4 4 2 5 2 1 2 5 3 4 2 5 2 1 2 2 4 4 2 5 2 1 2 5 3 4 2 5 2 1 2 5 3 4 2 5 2 1 2 5 3 4 2 5 2 1 2 5 3 4 2 5 2 1 2 5 3 4 2 
5 2 1 2 2 4 4 2 5 2 1 2 5 3 4 2 5 2 1 2 2 4 4 2 5 2 1 2 5 3 4 2 5 2 1 2 5 3 4 2 5 2 1 2 5 3 4 2 5 2 1 2 5 3 4 2 5 2 1 2 5 3 4 2 5 2 
1 2 2 4 4 2 5 2 1 2 5 3 4 2 5 2 1 2 2 4 4 2 5 2 1 2 5 3 4 2 5 2 1 2 5 3 4 2 5 2 1 2 5 3 4 2 5 2 1 2 5 3 4 2 5 2 1 2 5 3 4 2 5 2 1 2 2 
2 4 4 2 5 2 1 2 5 3 4 2 5 2 1 2 2 4 4 2 5 2 1 2 5 3 4 2 5 2 1 2 5 3 4 2 5 2 1 2 5 3 4 2 5 2 1 2 5 3 4 2 5 2 1 2 5 3 4 2 5 2 1 2 2 4 4 
2 5 2 1 2 5 3 4 2 5 2 1 2 2 4 4 2 5 2 1 2 5 3 4 2 5 2 1 2 5 3 4 2 5 2 1 2 5 3 4 2 5 2 1 2 5 3 4 2 5 2 1 2 5 3 4 2 5 2 1 2 2 4 4 2 
5 2 1 2 5 3 4 2 5 2 1 2 2 4 4 2 5 2 1 2 5 3 4 2 5 2 1 2 5 3 4 2 5 2 1 2 5 3 4 2 5 2 1 2 5 3 4 2 5 2 1 2 5 3 4 2 5 2 1 2 2 4 4 2 5 2 1 2 
5 3 4 2 5 2 1 2 2 4 4 2 5 2 1 2 5 3 4 2 5 2 1 2 5 3 4 2 5 2 1 2 5 3 4 2 5 2 1 2 5 3 4 2 5 2 1 2 5 3 4 2 5 2 1 2 2 4 4 2 5 2 1 2 5 3 
4 2 5 2 1 2 2 4 4 2 5 2 1 2 5 3 4 2 5 2 1 2 5 3 4 2 5 2 1 2 5 3 4 2 5 2 1 2 5 3 4 2 5 2 1 2 5 3 4 2 5 2 1 2 2 4 4 2 5 2 1 2 5 3 4 2 
5 2 1 2 2 4 4 2 5 2 1 2 5 3 4 2 5 2 1 2 5 3 4 2 5 2 1 2 5 3 4 2 5 2 1 2 5 3 4 2 5 2 1 2 5 3 4 2 5 2 1 2 2 4 4 2 5 2 1 2 5 3 4 2 5 2 
2 1 2 2 4 4 2 5 2 1 2 5 3 4 2 5 2 1 2 5 3 4 2 5 2 1 2 5 3 4 2 5 2 1 2 5 3 4 2 5 2 1 2 5 3 4 2 5 2 1 2 2 4 4 2 5 2 1 2 5 3 4 2 5 2 1 2 
2 4 4 2 5 2 1 2 5 3 4 2 5 2 1 2 5 3 4 2 5 2 1 2 5 3 4 2 5 2 1 2 5 3 4 2 5 2 1 2 5 3 4 2 5 2 1 2 2 4 4 2 5 2 1 2 5 3 4 2 5 2 1 2 2 4 
4 2 5 2 1 2 5 3 4 2 5 2 1 2 5 3 4 2 5 2 1 2 5 3 4 2 5 2 1 2 5 3 4 2 5 2 1 2 5 3 4 2 5 2 1 2 2 4 4 2 5 2 1 2 5 3 4 2 5 2 1 2 2 4 4 2 
5 2 1 2 5 3 4 2 5 2 1 2 5 3 4 2 5 2 1 2 5 3 4 2 5 2 1 2 5 3 4 2 5 2 1 2 5 3 4 2 5 2 1 2 2 4 4 2 5 2 1 2 5 3 4 2 5 2 1 2 2 4 4 2 5 2 1 
2 5 3 4 2 5 2 1 2 5 3 4 2 5 2 1 2 5 3 4 2 5 2 1 2 5 3 4 2 5 2 1 2 5 3 4 2 5 2 1 2 2 4 4 2 5 2 1 2 5 3 4 2 5 2 1 2 2 4 4 2 5 2 1 2 5 3 
3 4 2 5 2 1 2 5 3 4 2 5 2 1 2 5 3 4 2 5 2 1 2 5 3 4 2 5 2 1 2 5 3 4 2 5 2 1 2 2 4 4 2 5 2 1 2 5 3 4 2 5 2 1 2 2 4 4 2 5 2 1 2 5 3 4 2 
5 2 1 2 5 3 4 2 5 2 1 2 5 3 4 2 5 2 1 2 5 3 4 2 5 2 1 2 5 3 4 2 5 2 1 2 2 4 4 2 5 2 1 2 5 3 4 2 5 2 1 2 2 4 4 2 5 2 1 2 5 3 4 2 5 
2 1 2 5 3 4 2 5 2 1 2 5 3 4 2 5 2 1 2 5 3 4 2 5 2 1 2 5 3 4 2 5 2 1 2 2 4 4 2 5 2 1 2 5 3 4 2 5 2 1 2 2 4 4 2 5 2 1 2 5 3 4 2 5 2 1 2 
5 3 4 2 5 2 1 2 5 3 4 2 5 2 1 2 5 3 4 2 5 2 1 2 5 3 4 2 5 2 1 2 2 4 4 2 5 2 1 2 5 3 4 2 5 2 1 2 2 4 4 2 5 2 1 2 5 3 4 2 5 2 1 2 5 3 
4 2 5 2 1 2 5 3 4 2 5 2 1 2 5 3 4 2 5 2 1 2 5 3 4 2 5 2 1 2 2 4 4 2 5 2 1 2 5 3 4 2 5 2 1 2 2 4 4 2 5 2 1 2 5 3 4 2 5 2 1 2 5 3 4 2 
5 2 1 2 5 3 4 2 5 2 1 2 5 3 4 2 5 2 1 2 5 3 4 2 5 2 1 2 2 4 4 2 5 2 1 2 5 3 4 2 5 2 1 2 2 4 4 2 5 2 1 2 5 3 4 2 5 2 1 2 5 3 4 2 5 2 1 
1 2 5 3 4 2 5 2 1 2 5 3 4 2 5 2 1 2 5 3 4 2 5 2 1 2 2 4 4 2 5 2 1 2 5 3 4 2 5 2 1 2 2 4 4 2 5 2 1 2 5 3 4 2 5 2 1 2 5 3 4 2 5 2 1 2 5 
3 4 2 5 2 1 2 5 3 4 2 5 2 1 2 5 3 4 2 5 2 1 2 2 4 4 2 5 2 1 2 5 3 4 2 5 2 1 2 2 4 4 2 5 2 1 2 5 3 4 2 5 2 1 2 5 3 4 2 5 2 1 2 5 3 4 2 
2 5 2 1 2 5 3 4 2 5 2 1 2 5 3 4 2 5 2 1 2 2 4 4 2 5 2 1 2 5 3 4 2 5 2 1 2 2 4 4 2 5 2 1 2 5 3 4 2 5 2 1 2 5 3 4 2 5 2 1 2 5 3 4 2 
2 1 2 5 3 4 2 5 2 1 2 5 3 4 2 5 2 1 2 2 4 4 2 5 2 1 2 5 3 4 2 5 2 1 2 2 4 4 2 5 2 1 2 5 3 4 2 5 2 1 2 5 3 4 2 5 2 1 2 5 3 4 2 5 2 1 2 
5 3 4 2 5 2 1 2 5 3 4 2 5 2 1 2 2 4 4 2 5 2 1 2 5 3 4 2 5 2 1 2 2 4 4 2 5 2 1 2 5 3 4 2 5 2 1 2 5 3 4 2 5 2 1 2 5 3 4 2 5 2 1 2 5 3 
4 2 5 2 1 2 5 3 4 2 5 2 1 2 2 4 4 2 5 2 1 2 5 3 4 2 5 2 1 2 2 4 4 2 5 2 1 2 5 3 4 2 5 2 1 2 5 3 4 2 5 2 1 2 5 3 4 2 5 2 1 2 5 3 4 2 
5 2 1 2 5 3 4 2 5 2 1 2 2 4 4 2 5 2 1 2 5 3 4 2 5 2 1 2 2 4 4 2 5 2 1 2 5 3 4 2 5 2 1 2 5 3 4 2 5 2 1 2 5 3 4 2 5 2 1 2 5 3 4 2 5 2 
2 1 2 5 3 4 2 5 2 1 2 2 4 4 2 5 2 1 2 5 3 4 2 5 2 1 2 2 4 4 2 5 2 1 2 5 3 4 2 5 2 1 2 5 3 4 2 5 2 1 2 5 3 4 2 5 2 1 2 5 3 4 2 5 2 1 2 
5 3 4 2 5 2 1 2 2 4 4 2 5 2 1 2 5 3 4 2 5 2 1 2 2 4 4 2 5 2 1 2 5 3 4 2 5 2 1 2 5 3 4 2 5 2 1 2 5 3 4 2 5 2 1 2 5 3 4 2 5 2 1 2 5 3 4 
4 2 5 2 1 2 2 4 4 2 5 2 1 2 5 3 4 2 5 2 1 2 2 4 4 2 5 2 1 2 5 3 4 2 5 2 1 2 5 3 4 2 5 2 1 2 5 3 4 2 5 2 1 2 5 3 4 2 5 2 1 2 5 3 4 2 
5 2 1 2 2 4 4 2 5 2 1 2 5 3 4 2 5 2 1 2 2 4 4 2 5 2 1 2 5 3 4 2 5 2 1 2 5 3 4 2 5 2 1 2 5 3 4 2 5 2 1 2 5 3 4 2 5 2 1 2 5 3 4 2 5 2 1 2 
2 2 4 4 2 5 2 1 2 5 3 4 2 5 2 1 2 2 4 4 2 5 2 1 2 5 3 4 2 5 2 1 2 5 3 4 2 5 2 1 2 5 3 4 2 5 2 1 2 5 3 4 2 5 2 1 2 5 3 4 2 5 2 1 2 2 4 
4 2 5 2 1 2 5 3 4 2 5 2 1 2 2 4 4 2 5 2 1 2 5 3 4 2 5 2 1 2 5 3 4 2 5 2 1 2 5 3 4 2 5 2 1 2 5 3 4 2 5 2 1 2 5 3 4 2 5 2 1 2 2 4 4 2 
5 2 1 2 5 3 4 2 5 2 1 2 2 4 4 2 5 2 1 2 5 3 4 2 5 2 1 2 5 3 4 2 5 2 1 2 5 3 4 2 5 2 1 2 5 3 4 2 5 2 1 2 5 3 4 2 5 2 1 2 2 4 4 2 5 
2 1 2 5 3 4 2 5 2 1 2 2 4 4 2 5 2 1 2 5 3 4 2 5 2 1 2 5 3 4 2 5 2 1 2 5 3 4 2 5 2 1 2 5 3 4 2 5 2 1 2 5 3 4 2 5 2 1 2 2 4 4 2 5 2 1 2 
5 3 4 2 5 2 1 2 2 4 4 2 5 2 1 2 5 3 4 2 5 2 1 2 5 3 4 2 5 2 1 2 5 3 4 2 5 2 1 2 5 3 4 2 5 2 1 2 5 3 4 2 5 2 1 2 2 4 4 2 5 2 1 2 5 3 
4 2 5 2 1 2 2 4 4 2 5 2 1 2 5 3 4 2 5 2 1 2 5 3 4 2 5 2 1 2 5 3 4 2 5 2 1 2 5 3 4 2 5 2 1 2 5 3 4 2 5 2 1 2 2 4 4 2 5 2 1 2 5 3 4 2 
5 2 1 2 2 4 4 2 5 2 1 2 5 3 4 2 5 2 1 2 5 3 4 2 5 2 1 2 5 3 4 2 5 2 1 2 5 3 4 2 5 2 1 2 5 3 4 2 5 2 1 2 2 4 4 2 5 2 1 2 5 3 4 2 5 2 1 
2 2 4 4 2 5 2 1 2 5 3 4 2 5 2 1 2 5 3 4 2 5 2 1 2 5 3 4 2 5 2 1 2 5 3 4 2 5 2 1 2 5 3 4 2 5 2 1 2 2 4 4 2 5 2 1 2 5 3 4 2 5 2 1 2 2 4 
4 4 2 5 2 1 2 5 3 4 2 5 2 1 2 5 3 4 2 5 2 1 2 5 3 4 2 5 2 1 2 5 3 4 2 5 2 1 2 5 3 4 2 5 2 1 2 2 4 4 2 5 2 1 2 5 3 4 2 5 2 1 2 2 4 4 2 
5 2 1 2 5 3 4 2 5 2 1 2 5 3 4 2 5 2 1 2 5 3 4 2 5 2 1 2 5 3 4 2 5 2 1 2 5 3 4 2 5 2 1 2 2 4 4 2 5 2 1 2 5 3 4 2 5 2 1 2 2 4 4 2 5 
2 1 2 5 3 4 2 5 2 1 2 5 3 4 2 5 2 1 2 5 3 4 2 5 2 1 2 5 3 4 2 5 2 1 2 5 3 4 2 5 2 1 2 2 4 4 2 5 2 1 2 5 3 4 2 5 2 1 2 2 4 4 2 5 2 1 2 
5 3 4 2 5 2 1 2 5 3 4 2 5 2 1 2 5 3 4 2 5 2 1 2 5 3 4 2 5 2 1 2 5 3 4 2 5 2 1 2 2 4 4 2 5 2 1 2 5 3 4 2 5 2 1 2 2 4 4 2 5 2 1 2 5 3 
4 2 5 2 1 2 5 3 4 2 5 2 1 2 5 3 4 2 5 2 1 2 5 3 4 2 5 2 1 2 5 3 4 2 5 2 1 2 2 4 4 2 5 2 1 2 5 3 4 2 5 2 1 2 2 4 4 2 5 2 1 2 5 3 4 2 
5 2 1 2 5 3 4 2 5 2 1 2 5 3 4 2 5 2 1 2 5 3 4 2 5 2 1 2 5 3 4 2 5 2 1 2 2 4 4 2 5 2 1 2 5 3 4 2 5 2 1 2 2 4 4 2 5 2 1 2 5 3 4 2 5 2 
1 2 5 3 4 2 5 2 1 2 5 3 4 2 5 2 1 2 5 3 4 2 5 2 1 2 5 3 4 2 5 2 1 2 2 4 4 2 5 2 1 2 5 3 4 2 5 2 1 2 2 4 4 2 5 2 1 2 5 3 4 2 5 2 1 2 5 
5 3 4 2 5 2 1 2 5 3 4 2 5 2 1 2 5 3 4 2 5 2 1 2 5 3 4 2 5 2 1 2 2 4 4 2 5 2 1 2 5 3 4 2 5 2 1 2 2 4 4 2 5 2 1 2 5 3 4 2 5 2 1 2 5 3 4 
2 5 2 1 2 5 3 4 2 5 2 1 2 5 3 4 2 5 2 1 2 5 3 4 2 5 2 1 2 2 4 4 2 5 2 1 2 5 3 4 2 5 2 1 2 2 4 4 2 5 2 1 2 5 3 4 2 5 2 1 2 5 3 4 2 
5 2 1 2 5 3 4 2 5 2 1 2 5 3 4 2 5 2 1 2 5 3 4 2 5 2 1 2 2 4 4 2 5 2 1 2 5 3 4 2 5 2 1 2 2 4 4 2 5 2 1 2 5 3 4 2 5 2 1 2 5 3 4 2 5 2 1 2 
5 3 4 2 5 2 1 2 5 3 4 2 5 2 1 2 5 3 4 2 5 2 1 2 2 4 4 2 5 2 1 2 5 3 4 2 5 2 1 2 2 4 4 2 5 2 1 2 5 3 4 2 5 2 1 2 5 3 4 2 5 2 1 2 5 3 
4 2 5 2 1 2 5 3 4 2 5 2 1 2 5 3 4 2 5 2 1 2 2 4 4 2 5 2 1 2 5 3 4 2 5 2 1 2 2 4 4 2 5 2 1 2 5 3 4 2 5 2 1 2 5 3 4 2 5 2 1 2 5 3 4 2 
5 2 1 2 5 3 4 2 5 2 1 2 5 3 4 2 5 2 1 2 2 4 4 2 5 2 1 2 5 3 4 2 5 2 1 2 2 4 4 2 5 2 1 2 5 3 4 2 5 2 1 2 5 3 4 2 5 2 1 2 5 3 4 2 5 2 
2 1 2 5 3 4 2 5 2 1 2 5 3 4 2 5 2 1 2 2 4 4 2 5 2 1 2 5 3 4 2 5 2 1 2 2 4 4 2 5 2 1 2 5 3 4 2 5 2 1 2 5 3 4 2 5 2 1 2 5 3 4 2 5 2 1 2 
5 3 4 2 5 2 1 2 5 3 4 2 5 2 1 2 2 4 4 2 5 2 1 2 5 3 4 2 5 2 1 2 2 4 4 2 5 2 1 2 5 3 4 2 5 2 1 2 5 3 4 2 5 2 1 2 5 3 4 2 5 2 1 2 5 3 4 
4 2 5 2 1 2 5 3 4 2 5 2 1 2 2 4 4 2 5 2 1 2 5 3 4 2 5 2 1 2 2 4 4 2 5 2 1 2 5 3 4 2 5 2 1 2 5 3 4 2 5 2 1 2 5 3 4 2 5 2 1 2 5 3 4 2 12 
5 2 1 2 5 3 4 2 5 2 1 2 2 4 4 2 5 2 1 2 5 3 4 2 5 2 1 2 2 4 4 2 5 2 1 2 5 3 4 2 5 2 1 2 5 3 4 2 5 2 1 2 5 3 4 2 5 2 1 2 5 3 4 2 12 0 0 12 
2 5 3 4 2 5 2 1 2 2 4 4 2 5 2 1 2 5 3 4 2 5 2 1 2 2 4 4 2 5 2 1 2 5 3 4 2 5 2 1 2 5 3 4 2 5 2 1 2 5 3 4 2 5 2 1 2 5 3 4 2 12 0 0 12 5 2 3 0 5 
3 4 2 5 2 1 2 2 4 4 2 5 2 1 2 5 3 4 2 5 2 1 2 2 4 4 2 5 2 1 2 5 3 4 2 5 2 1 2 5 3 4 2 5 2 1 2 5 3 4 2 5 2 1 2 5 3 4 2 12 0 0 12 5 2 3 0 5 2 3 0 5 2 
5 2 1 2 2 4 4 2 5 2 1 2 5 3 4 2 5 2 1 2 2 4 4 2 5 2 1 2 5 3 4 2 5 2 1 2 5 3 4 2 5 2 1 2 5 3 4 2 5 2 1 2 5 3 4 2 12 0 0 12 5 2 3 0 5 2 3 0 5 2 15 0 
2 1 2 2 4 4 2 5 2 1 2 5 3 4 2 5 2 1 2 2 4 4 2 5 2 1 2 5 3 4 2 5 2 1 2 5 3 4 2 5 2 1 2 5 3 4 2 5 2 1 2 5 3 4 2 12 0 0 12 5 2 3 0 5 2 3 0 5 2 15 0 0 12 5 2 3 
2 4 4 2 5 2 1 2 5 3 4 2 5 2 1 2 2 4 4 2 5 2 1 2 5 3 4 2 5 2 1 2 5 3 4 2 5 2 1 2 5 3 4 2 5 2 1 2 5 3 4 2 12 0 0 12 5 2 3 0 5 2 3 0 5 2 15 0 0 12 5 2 3 0 5 2 3 0 
4 2 5 2 1 2 5 3 4 2 5 2 1 2 2 4 4 2 5 2 1 2 5 3 4 2 5 2 1 2 5 3 4 2 5 2 1 2 5 3 4 2 5 2 1 2 5 3 4 2 12 0 0 12 5 2 3 0 5 2 3 0 5 2 15 0 0 12 5 2 3 0 5 2 3 0 5 2 
5 2 1 2 5 3 4 2 5 2 1 2 2 4 4 2 5 2 1 2 5 3 4 2 5 2 1 2 5 3 4 2 5 2 1 2 5 3 4 2 5 2 1 2 5 3 4 2 12 0 0 12 5 2 3 0 5 2 3 0 5 2 15 0 0 12 5 2 3 0 5 2 3 0 5 2 15 0 0 12 
1 2 5 3 4 2 5 2 1 2 2 4 4 2 5 2 1 2 5 3 4 2 5 2 1 2 5 3 4 2 5 2 1 2 5 3 4 2 5 2 1 2 5 3 4 2 12 0 0 12 5 2 3 0 5 2 3 0 5 2 15 0 0 12 5 2 3 0 5 2 3 0 5 2 15 0 0 12 5 2 3 0 
3 4 2 5 2 1 2 2 4 4 2 5 2 1 2 5 3 4 2 5 2 1 2 5 3 4 2 5 2 1 2 5 3 4 2 5 2 1 2 5 3 4 2 12 0 0 12 5 2 3 0 5 2 3 0 5 2 15 0 0 12 5 2 3 0 5 2 3 0 5 2 15 0 0 12 5 2 3 0 5 2 3 0 5 
2 5 2 1 2 2 4 4 2 5 2 1 2 5 3 4 2 5 2 1 2 5 3 4 2 5 2 1 2 5 3 4 2 5 2 1 2 5 3 4 2 12 0 0 12 5 2 3 0 5 2 3 0 5 2 15 0 0 12 5 2 3 0 5 2 3 0 5 2 15 0 0 12 5 2 3 0 5 2 3 0 5 2 15 0 
2 1 2 2 4 4 2 5 2 1 2 5 3 4 2 5 2 1 2 5 3 4 2 5 2 1 2 5 3 4 2 5 2 1 2 5 3 4 2 12 0 0 12 5 2 3 0 5 2 3 0 5 2 15 0 0 12 5 2 3 0 5 2 3 0 5 2 15 0 0 12 5 2 3 0 5 2 3 0 5 2 15 0 0 12 5 2 
2 4 4 2 5 2 1 2 5 3 4 2 5 2 1 2 5 3 4 2 5 2 1 2 5 3 4 2 5 2 1 2 5 3 4 2 12 0 0 12 5 2 3 0 5 2 3 0 5 2 15 0 0 12 5 2 3 0 5 2 3 0 5 2 15 0 0 12 5 2 3 0 5 2 3 0 5 2 15 0 0 12 5 2 3 0 5 2 
4 2 5 2 1 2 5 3 4 2 5 2 1 2 5 3 4 2 5 2 1 2 5 3 4 2 5 2 1 2 5 3 4 2 12 0 0 12 5 2 3 0 5 2 3 0 5 2 15 0 0 12 5 2 3 0 5 2 3 0 5 2 15 0 0 12 5 2 3 0 5 2 3 0 5 2 15 0 0 12 5 2 3 0 5 2 
5 2 1 2 5 3 4 2 5 2 1 2 5 3 4 2 5 2 1 2 5 3 4 2 5 2 1 2 5 3 4 2 12 0 0 12 5 2 3 0 5 2 3 0 5 2 15 0 0 12 5 2 3 0 5 2 3 0 5 2 15 0 0 12 5 2 3 0 5 2 3 0 5 2 15 0 0 12 5 2 3 0 5 2 2 2 
1 2 5 3 4 2 5 2 1 2 5 3 4 2 5 2 1 2 5 3 4 2 5 2 1 2 5 3 4 2 12 0 0 12 5 2 3 0 5 2 3 0 5 2 15 0 0 12 5 2 3 0 5 2 3 0 5 2 15 0 0 12 5 2 3 0 5 2 3 0 5 2 15 0 0 12 5 2 3 0 5 2 2 2 1 2 
5 3 4 2 5 2 1 2 5 3 4 2 5 2 1 2 5 3 4 2 5 2 1 2 5 3 4 2 12 0 0 12 5 2 3 0 5 2 3 0 5 2 15 0 0 12 5 2 3 0 5 2 3 0 5 2 15 0 0 12 5 2 3 0 5 2 3 0 5 2 15 0 0 12 5 2 3 0 5 2 2 2 1 2 5 3 4 
4 2 5 2 1 2 5 3 4 2 5 2 1 2 5 3 4 2 5 2 1 2 5 3 4 2 12 0 0 12 5 2 3 0 5 2 3 0 5 2 15 0 0 12 5 2 3 0 5 2 3 0 5 2 15 0 0 12 5 2 3 0 5 2 3 0 5 2 15 0 0 12 5 2 3 0 5 2 2 2 1 2 5 3 4 2 
5 2 1 2 5 3 4 2 5 2 1 2 5 3 4 2 5 2 1 2 5 3 4 2 12 0 0 12 5 2 3 0 5 2 3 0 5 2 15 0 0 12 5 2 3 0 5 2 3 0 5 2 15 0 0 12 5 2 3 0 5 2 3 0 5 2 15 0 0 12 5 2 3 0 5 2 2 2 1 2 5 3 4 2 5 2 1 2 
2 5 3 4 2 5 2 1 2 5 3 4 2 5 2 1 2 5 3 4 2 12 0 0 12 5 2 3 0 5 2 3 0 5 2 15 0 0 12 5 2 3 0 5 2 3 0 5 2 15 0 0 12 5 2 3 0 5 2 3 0 5 2 15 0 0 12 5 2 3 0 5 2 2 2 1 2 5 3 4 2 5 2 1 2 2 4 
4 2 5 2 1 2 5 3 4 2 5 2 1 2 5 3 4 2 12 0 0 12 5 2 3 0 5 2 3 0 5 2 15 0 0 12 5 2 3 0 5 2 3 0 5 2 15 0 0 12 5 2 3 0 5 2 3 0 5 2 15 0 0 12 5 2 3 0 5 2 2 2 1 2 5 3 4 2 5 2 1 2 2 4 4 2 
5 2 1 2 5 3 4 2 5 2 1 2 5 3 4 2 12 0 0 12 5 2 3 0 5 2 3 0 5 2 15 0 0 12 5 2 3 0 5 2 3 0 5 2 15 0 0 12 5 2 3 0 5 2 3 0 5 2 15 0 0 12 5 2 3 0 5 2 2 2 1 2 5 3 4 2 5 2 1 2 2 4 4 2 5 
2 1 2 5 3 4 2 5 2 1 2 5 3 4 2 12 0 0 12 5 2 3 0 5 2 3 0 5 2 15 0 0 12 5 2 3 0 5 2 3 0 5 2 15 0 0 12 5 2 3 0 5 2 3 0 5 2 15 0 0 12 5 2 3 0 5 2 2 2 1 2 5 3 4 2 5 2 1 2 2 4 4 2 5 2 1 2 
5 3 4 2 5 2 1 2 5 3 4 2 12 0 0 12 5 2 3 0 5 2 3 0 5 2 15 0 0 12 5 2 3 0 5 2 3 0 5 2 15 0 0 12 5 2 3 0 5 2 3 0 5 2 15 0 0 12 5 2 3 0 5 2 2 2 1 2 5 3 4 2 5 2 1 2 2 4 4 2 5 2 1 2 5 3 
4 2 5 2 1 2 5 3 4 2 12 0 0 12 5 2 3 0 5 2 3 0 5 2 15 0 0 12 5 2 3 0 5 2 3 0 5 2 15 0 0 12 5 2 3 0 5 2 3 0 5 2 15 0 0 12 5 2 3 0 5 2 2 2 1 2 5 3 4 2 5 2 1 2 2 4 4 2 5 2 1 2 5 3 4 2 
5 2 1 2 5 3 4 2 12 0 0 12 5 2 3 0 5 2 3 0 5 2 15 0 0 12 5 2 3 0 5 2 3 0 5 2 15 0 0 12 5 2 3 0 5 2 3 0 5 2 15 0 0 12 5 2 3 0 5 2 2 2 1 2 5 3 4 2 5 2 1 2 2 4 4 2 5 2 1 2 5 3 4 2 5 2 1 
2 5 3 4 2 12 0 0 12 5 2 3 0 5 2 3 0 5 2 15 0 0 12 5 2 3 0 5 2 3 0 5 2 15 0 0 12 5 2 3 0 5 2 3 0 5 2 15 0 0 12 5 2 3 0 5 2 2 2 1 2 5 3 4 2 5 2 1 2 2 4 4 2 5 2 1 2 5 3 4 2 5 2 1 2 2 4 
3 4 2 12 0 0 12 5 2 3 0 5 2 3 0 5 2 15 0 0 12 5 2 3 0 5 2 3 0 5 2 15 0 0 12 5 2 3 0 5 2 3 0 5 2 15 0 0 12 5 2 3 0 5 2 2 2 1 2 5 3 4 2 5 2 1 2 2 4 4 2 5 2 1 2 5 3 4 2 5 2 1 2 2 4 4 2 
12 0 0 12 5 2 3 0 5 2 3 0 5 2 15 0 0 12 5 2 3 0 5 2 3 0 5 2 15 0 0 12 5 2 3 0 5 2 3 0 5 2 15 0 0 12 5 2 3 0 5 2 2 2 1 2 5 3 4 2 5 2 1 2 2 4 4 2 5 2 1 2 5 3 4 2 5 2 1 2 2 4 4 2 5 
0 0 12 5 2 3 0 5 2 3 0 5 2 15 0 0 12 5 2 3 0 5 2 3 0 5 2 15 0 0 12 5 2 3 0 5 2 3 0 5 2 15 0 0 12 5 2 3 0 5 2 2 2 1 2 5 3 4 2 5 2 1 2 2 4 4 2 5 2 1 2 5 3 4 2 5 2 1 2 2 4 4 2 5 2 1 2 
3 0 5 2 3 0 5 2 15 0 0 12 5 2 3 0 5 2 3 0 5 2 15 0 0 12 5 2 3 0 5 2 3 0 5 2 15 0 0 12 5 2 3 0 5 2 2 2 1 2 5 3 4 2 5 2 1 2 2 4 4 2 5 2 1 2 5 3 4 2 5 2 1 2 2 4 4 2 5 2 1 2 5 3 
3 0 5 2 15 0 0 12 5 2 3 0 5 2 3 0 5 2 15 0 0 12 5 2 3 0 5 2 3 0 5 2 15 0 0 12 5 2 3 0 5 2 2 2 1 2 5 3 4 2 5 2 1 2 2 4 4 2 5 2 1 2 5 3 4 2 5 2 1 2 2 4 4 2 5 2 1 2 5 3 4 2 
15 0 0 12 5 2 3 0 5 2 3 0 5 2 15 0 0 12 5 2 3 0 5 2 3 0 5 2 15 0 0 12 5 2 3 0 5 2 2 2 1 2 5 3 4 2 5 2 1 2 2 4 4 2 5 2 1 2 5 3 4 2 5 2 1 2 2 4 4 2 5 2 1 2 5 3 4 2 5 2 
12 5 2 3 0 5 2 3 0 5 2 15 0 0 12 5 2 3 0 5 2 3 0 5 2 15 0 0 12 5 2 3 0 5 2 2 2 1 2 5 3 4 2 5 2 1 2 2 4 4 2 5 2 1 2 5 3 4 2 5 2 1 2 2 4 4 2 5 2 1 2 5 3 4 2 5 2 1 2 5 
0 5 2 3 0 5 2 15 0 0 12 5 2 3 0 5 2 3 0 5 2 15 0 0 12 5 2 3 0 5 2 2 2 1 2 5 3 4 2 5 2 1 2 2 4 4 2 5 2 1 2 5 3 4 2 5 2 1 2 2 4 4 2 5 2 1 2 5 3 4 2 5 2 1 2 5 3 4 
5 2 15 0 0 12 5 2 3 0 5 2 3 0 5 2 15 0 0 12 5 2 3 0 5 2 2 2 1 2 5 3 4 2 5 2 1 2 2 4 4 2 5 2 1 2 5 3 4 2 5 2 1 2 2 4 4 2 5 2 1 2 5 3 4 2 5 2 1 2 5 3 4 2 
15 0 0 12 5 2 3 0 5 2 3 0 5 2 15 0 0 12 5 2 3 0 5 2 2 2 1 2 5 3 4 2 5 2 1 2 2 4 4 2 5 2 1 2 5 3 4 2 5 2 1 2 2 4 4 2 5 2 1 2 5 3 4 2 5 2 1 2 5 3 4 2 5 2 1 2 
2 3 0 5 2 3 0 5 2 15 0 0 12 5 2 3 0 5 2 2 2 1 2 5 3 4 2 5 2 1 2 2 4 4 2 5 2 1 2 5 3 4 2 5 2 1 2 2 4 4 2 5 2 1 2 5 3 4 2 5 2 1 2 5 3 4 2 5 2 1 2 5 3 
2 3 0 5 2 15 0 0 12 5 2 3 0 5 2 2 2 1 2 5 3 4 2 5 2 1 2 2 4 4 2 5 2 1 2 5 3 4 2 5 2 1 2 2 4 4 2 5 2 1 2 5 3 4 2 5 2 1 2 5 3 4 2 5 2 1 2 5 3 4 2 
15 0 0 12 5 2 3 0 5 2 2 2 1 2 5 3 4 2 5 2 1 2 2 4 4 2 5 2 1 2 5 3 4 2 5 2 1 2 2 4 4 2 5 2 1 2 5 3 4 2 5 2 1 2 5 3 4 2 5 2 1 2 5 3 4 2 5 2 
0 12 5 2 3 0 5 2 2 2 1 2 5 3 4 2 5 2 1 2 2 4 4 2 5 2 1 2 5 3 4 2 5 2 1 2 2 4 4 2 5 2 1 2 5 3 4 2 5 2 1 2 5 3 4 2 5 2 1 2 5 3 4 2 5 2 1 2 
0 5 2 2 2 1 2 5 3 4 2 5 2 1 2 2 4 4 2 5 2 1 2 5 3 4 2 5 2 1 2 2 4 4 2 5 2 1 2 5 3 4 2 5 2 1 2 5 3 4 2 5 2 1 2 5 3 4 2 5 2 1 2 5 3 4 
2 2 1 2 5 3 4 2 5 2 1 2 2 4 4 2 5 2 1 2 5 3 4 2 5 2 1 2 2 4 4 2 5 2 1 2 5 3 4 2 5 2 1 2 5 3 4 2 5 2 1 2 5 3 4 2 5 2 1 2 5 3 4 2 12 
2 2 1 2 5 3 4 2 5 2 1 2 2 4 4 2 5 2 1 2 5 3 4 2 5 2 1 2 2 4 4 2 5 2 1 2 5 3 4 2 5 2 1 2 5 3 4 2 5 2 1 2 5 3 4 2 5 2 1 2 5 3 4 2 12 0 0 12 5 
2 5 3 4 2 5 2 1 2 2 4 4 2 5 2 1 2 5 3 4 2 5 2 1 2 2 4 4 2 5 2 1 2 5 3 4 2 5 2 1 2 5 3 4 2 5 2 1 2 5 3 4 2 5 2 1 2 5 3 4 2 12 0 0 12 5 2 3 0 5 2 
4 2 5 2 1 2 2 4 4 2 5 2 1 2 5 3 4 2 5 2 1 2 2 4 4 2 5 2 1 2 5 3 4 2 5 2 1 2 5 3 4 2 5 2 1 2 5 3 4 2 5 2 1 2 5 3 4 2 12 0 0 12 5 2 3 0 5 2 3 0 5 2 
5 2 1 2 2 4 4 2 5 2 1 2 5 3 4 2 5 2 1 2 2 4 4 2 5 2 1 2 5 3 4 2 5 2 1 2 5 3 4 2 5 2 1 2 5 3 4 2 5 2 1 2 5 3 4 2 12 0 0 12 5 2 3 0 5 2 3 0 5 2 15 0 
2 1 2 2 4 4 2 5 2 1 2 5 3 4 2 5 2 1 2 2 4 4 2 5 2 1 2 5 3 4 2 5 2 1 2 5 3 4 2 5 2 1 2 5 3 4 2 5 2 1 2 5 3 4 2 12 0 0 12 5 2 3 0 5 2 3 0 5 2 15 0 0 12 5 2 3 
2 4 4 2 5 2 1 2 5 3 4 2 5 2 1 2 2 4 4 2 5 2 1 2 5 3 4 2 5 2 1 2 5 3 4 2 5 2 1 2 5 3 4 2 5 2 1 2 5 3 4 2 12 0 0 12 5 2 3 0 5 2 3 0 5 2 15 0 0 12 5 2 3 0 5 2 3 0 
4 2 5 2 1 2 5 3 4 2 5 2 1 2 2 4 4 2 5 2 1 2 5 3 4 2 5 2 1 2 5 3 4 2 5 2 1 2 5 3 4 2 5 2 1 2 5 3 4 2 12 0 0 12 5 2 3 0 5 2 3 0 5 2 15 0 0 12 5 2 3 0 5 2 3 0 5 2 
5 2 1 2 5 3 4 2 5 2 1 2 2 4 4 2 5 2 1 2 5 3 4 2 5 2 1 2 5 3 4 2 5 2 1 2 5 3 4 2 5 2 1 2 5 3 4 2 12 0 0 12 5 2 3 0 5 2 3 0 5 2 15 0 0 12 5 2 3 0 5 2 3 0 5 2 15 0 0 12 
1 2 5 3 4 2 5 2 1 2 2 4 4 2 5 2 1 2 5 3 4 2 5 2 1 2 5 3 4 2 5 2 1 2 5 3 4 2 5 2 1 2 5 3 4 2 12 0 0 12 5 2 3 0 5 2 3 0 5 2 15 0 0 12 5 2 3 0 5 2 3 0 5 2 15 0 0 12 5 2 3 0 
3 4 2 5 2 1 2 2 4 4 2 5 2 1 2 5 3 4 2 5 2 1 2 5 3 4 2 5 2 1 2 5 3 4 2 5 2 1 2 5 3 4 2 12 0 0 12 5 2 3 0 5 2 3 0 5 2 15 0 0 12 5 2 3 0 5 2 3 0 5 2 15 0 0 12 5 2 3 0 5 2 3 0 5 
2 5 2 1 2 2 4 4 2 5 2 1 2 5 3 4 2 5 2 1 2 5 3 4 2 5 2 1 2 5 3 4 2 5 2 1 2 5 3 4 2 12 0 0 12 5 2 3 0 5 2 3 0 5 2 15 0 0 12 5 2 3 0 5 2 3 0 5 2 15 0 0 12 5 2 3 0 5 2 3 0 5 2 15 0 
2 1 2 2 4 4 2 5 2 1 2 5 3 4 2 5 2 1 2 5 3 4 2 5 2 1 2 5 3 4 2 5 2 1 2 5 3 4 2 12 0 0 12 5 2 3 0 5 2 3 0 5 2 15 0 0 12 5 2 3 0 5 2 3 0 5 2 15 0 0 12 5 2 3 0 5 2 3 0 5 2 15 0 0 12 5 2 
2 4 4 2 5 2 1 2 5 3 4 2 5 2 1 2 5 3 4 2 5 2 1 2 5 3 4 2 5 2 1 2 5 3 4 2 12 0 0 12 5 2 3 0 5 2 3 0 5 2 15 0 0 12 5 2 3 0 5 2 3 0 5 2 15 0 0 12 5 2 3 0 5 2 3 0 5 2 15 0 0 12 5 2 3 0 5 2 
4 2 5 2 1 2 5 3 4 2 5 2 1 2 5 3 4 2 5 2 1 2 5 3 4 2 5 2 1 2 5 3 4 2 12 0 0 12 5 2 3 0 5 2 3 0 5 2 15 0 0 12 5 2 3 0 5 2 3 0 5 2 15 0 0 12 5 2 3 0 5 2 3 0 5 2 15 0 0 12 5 2 3 0 5 2 
5 2 1 2 5 3 4 2 5 2 1 2 5 3 4 2 5 2 1 2 5 3 4 2 5 2 1 2 5 3 4 2 12 0 0 12 5 2 3 0 5 2 3 0 5 2 15 0 0 12 5 2 3 0 5 2 3 0 5 2 15 0 0 12 5 2 3 0 5 2 3 0 5 2 15 0 0 12 5 2 3 0 5 2 2 2 
1 2 5 3 4 2 5 2 1 2 5 3 4 2 5 2 1 2 5 3 4 2 5 2 1 2 5 3 4 2 12 0 0 12 5 2 3 0 5 2 3 0 5 2 15 0 0 12 5 2 3 0 5 2 3 0 5 2 15 0 0 12 5 2 3 0 5 2 3 0 5 2 15 0 0 12 5 2 3 0 5 2 2 2 1 2 5 
5 3 4 2 5 2 1 2 5 3 4 2 5 2 1 2 5 3 4 2 5 2 1 2 5 3 4 2 12 0 0 12 5 2 3 0 5 2 3 0 5 2 15 0 0 12 5 2 3 0 5 2 3 0 5 2 15 0 0 12 5 2 3 0 5 2 3 0 5 2 15 0 0 12 5 2 3 0 5 2 2 2 1 2 5 3 4 
4 2 5 2 1 2 5 3 4 2 5 2 1 2 5 3 4 2 5 2 1 2 5 3 4 2 12 0 0 12 5 2 3 0 5 2 3 0 5 2 15 0 0 12 5 2 3 0 5 2 3 0 5 2 15 0 0 12 5 2 3 0 5 2 3 0 5 2 15 0 0 12 5 2 3 0 5 2 2 2 1 2 5 3 4 2 
5 2 1 2 5 3 4 2 5 2 1 2 5 3 4 2 5 2 1 2 5 3 4 2 12 0 0 12 5 2 3 0 5 2 3 0 5 2 15 0 0 12 5 2 3 0 5 2 3 0 5 2 15 0 0 12 5 2 3 0 5 2 3 0 5 2 15 0 0 12 5 2 3 0 5 2 2 2 1 2 5 3 4 2 5 2 1 2 
2 5 3 4 2 5 2 1 2 5 3 4 2 5 2 1 2 5 3 4 2 12 0 0 12 5 2 3 0 5 2 3 0 5 2 15 0 0 12 5 2 3 0 5 2 3 0 5 2 15 0 0 12 5 2 3 0 5 2 3 0 5 2 15 0 0 12 5 2 3 0 5 2 2 2 1 2 5 3 4 2 5 2 1 2 2 4 
4 2 5 2 1 2 5 3 4 2 5 2 1 2 5 3 4 2 12 0 0 12 5 2 3 0 5 2 3 0 5 2 15 0 0 12 5 2 3 0 5 2 3 0 5 2 15 0 0 12 5 2 3 0 5 2 3 0 5 2 15 0 0 12 5 2 3 0 5 2 2 2 1 2 5 3 4 2 5 2 1 2 2 4 4 2 
5 2 1 2 5 3 4 2 5 2 1 2 5 3 4 2 12 0 0 12 5 2 3 0 5 2 3 0 5 2 15 0 0 12 5 2 3 0 5 2 3 0 5 2 15 0 0 12 5 2 3 0 5 2 3 0 5 2 15 0 0 12 5 2 3 0 5 2 2 2 1 2 5 3 4 2 5 2 1 2 2 4 4 2 5 
2 1 2 5 3 4 2 5 2 1 2 5 3 4 2 12 0 0 12 5 2 3 0 5 2 3 0 5 2 15 0 0 12 5 2 3 0 5 2 3 0 5 2 15 0 0 12 5 2 3 0 5 2 3 0 5 2 15 0 0 12 5 2 3 0 5 2 2 2 1 2 5 3 4 2 5 2 1 2 2 4 4 2 5 2 1 2 
5 3 4 2 5 2 1 2 5 3 4 2 12 0 0 12 5 2 3 0 5 2 3 0 5 2 15 0 0 12 5 2 3 0 5 2 3 0 5 2 15 0 0 12 5 2 3 0 5 2 3 0 5 2 15 0 0 12 5 2 3 0 5 2 2 2 1 2 5 3 4 2 5 2 1 2 2 4 4 2 5 2 1 2 5 3 
4 2 5 2 1 2 5 3 4 2 12 0 0 12 5 2 3 0 5 2 3 0 5 2 15 0 0 12 5 2 3 0 5 2 3 0 5 2 15 0 0 12 5 2 3 0 5 2 3 0 5 2 15 0 0 12 5 2 3 0 5 2 2 2 1 2 5 3 4 2 5 2 1 2 2 4 4 2 5 2 1 2 5 3 4 2 
5 2 1 2 5 3 4 2 12 0 0 12 5 2 3 0 5 2 3 0 5 2 15 0 0 12 5 2 3 0 5 2 3 0 5 2 15 0 0 12 5 2 3 0 5 2 3 0 5 2 15 0 0 12 5 2 3 0 5 2 2 2 1 2 5 3 4 2 5 2 1 2 2 4 4 2 5 2 1 2 5 3 4 2 5 2 1 
2 5 3 4 2 12 0 0 12 5 2 3 0 5 2 3 0 5 2 15 0 0 12 5 2 3 0 5 2 3 0 5 2 15 0 0 12 5 2 3 0 5 2 3 0 5 2 15 0 0 12 5 2 3 0 5 2 2 2 1 2 5 3 4 2 5 2 1 2 2 4 4 2 5 2 1 2 5 3 4 2 5 2 1 2 2 4 
3 4 2 12 0 0 12 5 2 3 0 5 2 3 0 5 2 15 0 0 12 5 2 3 0 5 2 3 0 5 2 15 0 0 12 5 2 3 0 5 2 3 0 5 2 15 0 0 12 5 2 3 0 5 2 2 2 1 2 5 3 4 2 5 2 1 2 2 4 4 2 5 2 1 2 5 3 4 2 5 2 1 2 2 4 4 2 
12 0 0 12 5 2 3 0 5 2 3 0 5 2 15 0 0 12 5 2 3 0 5 2 3 0 5 2 15 0 0 12 5 2 3 0 5 2 3 0 5 2 15 0 0 12 5 2 3 0 5 2 2 2 1 2 5 3 4 2 5 2 1 2 2 4 4 2 5 2 1 2 5 3 4 2 5 2 1 2 2 4 4 2 5 
0 0 12 5 2 3 0 5 2 3 0 5 2 15 0 0 12 5 2 3 0 5 2 3 0 5 2 15 0 0 12 5 2 3 0 5 2 3 0 5 2 15 0 0 12 5 2 3 0 5 2 2 2 1 2 5 3 4 2 5 2 1 2 2 4 4 2 5 2 1 2 5 3 4 2 5 2 1 2 2 4 4 2 5 2 1 2 
3 0 5 2 3 0 5 2 15 0 0 12 5 2 3 0 5 2 3 0 5 2 15 0 0 12 5 2 3 0 5 2 3 0 5 2 15 0 0 12 5 2 3 0 5 2 2 2 1 2 5 3 4 2 5 2 1 2 2 4 4 2 5 2 1 2 5 3 4 2 5 2 1 2 2 4 4 2 5 2 1 2 5 3 
3 0 5 2 15 0 0 12 5 2 3 0 5 2 3 0 5 2 15 0 0 12 5 2 3 0 5 2 3 0 5 2 15 0 0 12 5 2 3 0 5 2 2 2 1 2 5 3 4 2 5 2 1 2 2 4 4 2 5 2 1 2 5 3 4 2 5 2 1 2 2 4 4 2 5 2 1 2 5 3 4 2 
15 0 0 12 5 2 3 0 5 2 3 0 5 2 15 0 0 12 5 2 3 0 5 2 3 0 5 2 15 0 0 12 5 2 3 0 5 2 2 2 1 2 5 3 4 2 5 2 1 2 2 4 4 2 5 2 1 2 5 3 4 2 5 2 1 2 2 4 4 2 5 2 1 2 5 3 4 2 5 2 
12 5 2 3 0 5 2 3 0 5 2 15 0 0 12 5 2 3 0 5 2 3 0 5 2 15 0 0 12 5 2 3 0 5 2 2 2 1 2 5 3 4 2 5 2 1 2 2 4 4 2 5 2 1 2 5 3 4 2 5 2 1 2 2 4 4 2 5 2 1 2 5 3 4 2 5 2 1 2 5 
0 5 2 3 0 5 2 15 0 0 12 5 2 3 0 5 2 3 0 5 2 15 0 0 12 5 2 3 0 5 2 2 2 1 2 5 3 4 2 5 2 1 2 2 4 4 2 5 2 1 2 5 3 4 2 5 2 1 2 2 4 4 2 5 2 1 2 5 3 4 2 5 2 1 2 5 3 4 
5 2 15 0 0 12 5 2 3 0 5 2 3 0 5 2 15 0 0 12 5 2 3 0 5 2 2 2 1 2 5 3 4 2 5 2 1 2 2 4 4 2 5 2 1 2 5 3 4 2 5 2 1 2 2 4 4 2 5 2 1 2 5 3 4 2 5 2 1 2 5 3 4 2 
15 0 0 12 5 2 3 0 5 2 3 0 5 2 15 0 0 12 5 2 3 0 5 2 2 2 1 2 5 3 4 2 5 2 1 2 2 4 4 2 5 2 1 2 5 3 4 2 5 2 1 2 2 4 4 2 5 2 1 2 5 3 4 2 5 2 1 2 5 3 4 2 5 2 1 2 
2 3 0 5 2 3 0 5 2 15 0 0 12 5 2 3 0 5 2 2 2 1 2 5 3 4 2 5 2 1 2 2 4 4 2 5 2 1 2 5 3 4 2 5 2 1 2 2 4 4 2 5 2 1 2 5 3 4 2 5 2 1 2 5 3 4 2 5 2 1 2 5 3 
2 3 0 5 2 15 0 0 12 5 2 3 0 5 2 2 2 1 2 5 3 4 2 5 2 1 2 2 4 4 2 5 2 1 2 5 3 4 2 5 2 1 2 2 4 4 2 5 2 1 2 5 3 4 2 5 2 1 2 5 3 4 2 5 2 1 2 5 3 4 2 
15 0 0 12 5 2 3 0 5 2 2 2 1 2 5 3 4 2 5 2 1 2 2 4 4 2 5 2 1 2 5 3 4 2 5 2 1 2 2 4 4 2 5 2 1 2 5 3 4 2 5 2 1 2 5 3 4 2 5 2 1 2 5 3 4 2 5 2 
0 12 5 2 3 0 5 2 2 2 1 2 5 3 4 2 5 2 1 2 2 4 4 2 5 2 1 2 5 3 4 2 5 2 1 2 2 4 4 2 5 2 1 2 5 3 4 2 5 2 1 2 5 3 4 2 5 2 1 2 5 3 4 2 5 2 1 2 
0 5 2 2 2 1 2 5 3 4 2 5 2 1 2 2 4 4 2 5 2 1 2 5 3 4 2 5 2 1 2 2 4 4 2 5 2 1 2 5 3 4 2 5 2 1 2 5 3 4 2 5 2 1 2 5 3 4 2 5 2 1 2 5 3 4 
2 2 1 2 5 3 4 2 5 2 1 2 2 4 4 2 5 2 1 2 5 3 4 2 5 2 1 2 2 4 4 2 5 2 1 2 5 3 4 2 5 2 1 2 5 3 4 2 5 2 1 2 5 3 4 2 5 2 1 2 5 3 4 2 12 
2 2 1 2 5 3 4 2 5 2 1 2 2 4 4 2 5 2 1 2 5 3 4 2 5 2 1 2 2 4 4 2 5 2 1 2 5 3 4 2 5 2 1 2 5 3 4 2 5 2 1 2 5 3 4 2 5 2 1 2 5 3 4 2 12 0 0 12 5 
2 5 3 4 2 5 2 1 2 2 4 4 2 5 2 1 2 5 3 4 2 5 2 1 2 2 4 4 2 5 2 1 2 5 3 4 2 5 2 1 2 5 3 4 2 5 2 1 2 5 3 4 2 5 2 1 2 5 3 4 2 12 0 0 12 5 2 3 0 5 2 
4 2 5 2 1 2 2 4 4 2 5 2 1 2 5 3 4 2 5 2 1 2 2 4 4 2 5 2 1 2 5 3 4 2 5 2 1 2 5 3 4 2 5 2 1 2 5 3 4 2 5 2 1 2 5 3 4 2 12 0 0 12 5 2 3 0 5 2 3 0 5 2 
5 2 1 2 2 4 4 2 5 2 1 2 5 3 4 2 5 2 1 2 2 4 4 2 5 2 1 2 5 3 4 2 5 2 1 2 5 3 4 2 5 2 1 2 5 3 4 2 5 2 1 2 5 3 4 2 12 0 0 12 5 2 3 0 5 2 3 0 5 2 15 0 0 
2 1 2 2 4 4 2 5 2 1 2 5 3 4 2 5 2 1 2 2 4 4 2 5 2 1 2 5 3 4 2 5 2 1 2 5 3 4 2 5 2 1 2 5 3 4 2 5 2 1 2 5 3 4 2 12 0 0 12 5 2 3 0 5 2 3 0 5 2 15 0 0 12 5 2 3 
2 4 4 2 5 2 1 2 5 3 4 2 5 2 1 2 2 4 4 2 5 2 1 2 5 3 4 2 5 2 1 2 5 3 4 2 5 2 1 2 5 3 4 2 5 2 1 2 5 3 4 2 12 0 0 12 5 2 3 0 5 2 3 0 5 2 15 0 0 12 5 2 3 0 5 2 3 0 
4 2 5 2 1 2 5 3 4 2 5 2 1 2 2 4 4 2 5 2 1 2 5 3 4 2 5 2 1 2 5 3 4 2 5 2 1 2 5 3 4 2 5 2 1 2 5 3 4 2 12 0 0 12 5 2 3 0 5 2 3 0 5 2 15 0 0 12 5 2 3 0 5 2 3 0 5 2 
5 2 1 2 5 3 4 2 5 2 1 2 2 4 4 2 5 2 1 2 5 3 4 2 5 2 1 2 5 3 4 2 5 2 1 2 5 3 4 2 5 2 1 2 5 3 4 2 12 0 0 12 5 2 3 0 5 2 3 0 5 2 15 0 0 12 5 2 3 0 5 2 3 0 5 2 15 0 0 12 
1 2 5 3 4 2 5 2 1 2 2 4 4 2 5 2 1 2 5 3 4 2 5 2 1 2 5 3 4 2 5 2 1 2 5 3 4 2 5 2 1 2 5 3 4 2 12 0 0 12 5 2 3 0 5 2 3 0 5 2 15 0 0 12 5 2 3 0 5 2 3 0 5 2 15 0 0 12 5 2 3 0 
3 4 2 5 2 1 2 2 4 4 2 5 2 1 2 5 3 4 2 5 2 1 2 5 3 4 2 5 2 1 2 5 3 4 2 5 2 1 2 5 3 4 2 12 0 0 12 5 2 3 0 5 2 3 0 5 2 15 0 0 12 5 2 3 0 5 2 3 0 5 2 15 0 0 12 5 2 3 0 5 2 3 0 5 
2 5 2 1 2 2 4 4 2 5 2 1 2 5 3 4 2 5 2 1 2 5 3 4 2 5 2 1 2 5 3 4 2 5 2 1 2 5 3 4 2 12 0 0 12 5 2 3 0 5 2 3 0 5 2 15 0 0 12 5 2 3 0 5 2 3 0 5 2 15 0 0 12 5 2 3 0 5 2 3 0 5 2 15 0 
2 1 2 2 4 4 2 5 2 1 2 5 3 4 2 5 2 1 2 5 3 4 2 5 2 1 2 5 3 4 2 5 2 1 2 5 3 4 2 12 0 0 12 5 2 3 0 5 2 3 0 5 2 15 0 0 12 5 2 3 0 5 2 3 0 5 2 15 0 0 12 5 2 3 0 5 2 3 0 5 2 15 0 0 12 5 2 3 
2 4 4 2 5 2 1 2 5 3 4 2 5 2 1 2 5 3 4 2 5 2 1 2 5 3 4 2 5 2 1 2 5 3 4 2 12 0 0 12 5 2 3 0 5 2 3 0 5 2 15 0 0 12 5 2 3 0 5 2 3 0 5 2 15 0 0 12 5 2 3 0 5 2 3 0 5 2 15 0 0 12 5 2 3 0 5 2 
4 2 5 2 1 2 5 3 4 2 5 2 1 2 5 3 4 2 5 2 1 2 5 3 4 2 5 2 1 2 5 3 4 2 12 0 0 12 5 2 3 0 5 2 3 0 5 2 15 0 0 12 5 2 3 0 5 2 3 0 5 2 15 0 0 12 5 2 3 0 5 2 3 0 5 2 15 0 0 12 5 2 3 0 5 2 
5 2 1 2 5 3 4 2 5 2 1 2 5 3 4 2 5 2 1 2 5 3 4 2 5 2 1 2 5 3 4 2 12 0 0 12 5 2 3 0 5 2 3 0 5 2 15 0 0 12 5 2 3 0 5 2 3 0 5 2 15 0 0 12 5 2 3 0 5 2 3 0 5 2 15 0 0 12 5 2 3 0 5 2 2 2 
1 2 5 3 4 2 5 2 1 2 5 3 4 2 5 2 1 2 5 3 4 2 5 2 1 2 5 3 4 2 12 0 0 12 5 2 3 0 5 2 3 0 5 2 15 0 0 12 5 2 3 0 5 2 3 0 5 2 15 0 0 12 5 2 3 0 5 2 3 0 5 2 15 0 0 12 5 2 3 0 5 2 2 2 1 2 5 
5 3 4 2 5 2 1 2 5 3 4 2 5 2 1 2 5 3 4 2 5 2 1 2 5 3 4 2 12 0 0 12 5 2 3 0 5 2 3 0 5 2 15 0 0 12 5 2 3 0 5 2 3 0 5 2 15 0 0 12 5 2 3 0 5 2 3 0 5 2 15 0 0 12 5 2 3 0 5 2 2 2 1 2 5 3 4 
2 5 2 1 2 5 3 4 2 5 2 1 2 5 3 4 2 5 2 1 2 5 3 4 2 12 0 0 12 5 2 3 0 5 2 3 0 5 2 15 0 0 12 5 2 3 0 5 2 3 0 5 2 15 0 0 12 5 2 3 0 5 2 3 0 5 2 15 0 0 12 5 2 3 0 5 2 2 2 1 2 5 3 4 2 
5 2 1 2 5 3 4 2 5 2 1 2 5 3 4 2 5 2 1 2 5 3 4 2 12 0 0 12 5 2 3 0 5 2 3 0 5 2 15 0 0 12 5 2 3 0 5 2 3 0 5 2 15 0 0 12 5 2 3 0 5 2 3 0 5 2 15 0 0 12 5 2 3 0 5 2 2 2 1 2 5 3 4 2 5 2 1 2 
5 3 4 2 5 2 1 2 5 3 4 2 5 2 1 2 5 3 4 2 12 0 0 12 5 2 3 0 5 2 3 0 5 2 15 0 0 12 5 2 3 0 5 2 3 0 5 2 15 0 0 12 5 2 3 0 5 2 3 0 5 2 15 0 0 12 5 2 3 0 5 2 2 2 1 2 5 3 4 2 5 2 1 2 2 4 
4 2 5 2 1 2 5 3 4 2 5 2 1 2 5 3 4 2 12 0 0 12 5 2 3 0 5 2 3 0 5 2 15 0 0 12 5 2 3 0 5 2 3 0 5 2 15 0 0 12 5 2 3 0 5 2 3 0 5 2 15 0 0 12 5 2 3 0 5 2 2 2 1 2 5 3 4 2 5 2 1 2 2 4 4 2 
5 2 1 2 5 3 4 2 5 2 1 2 5 3 4 2 12 0 0 12 5 2 3 0 5 2 3 0 5 2 15 0 0 12 5 2 3 0 5 2 3 0 5 2 15 0 0 12 5 2 3 0 5 2 3 0 5 2 15 0 0 12 5 2 3 0 5 2 2 2 1 2 5 3 4 2 5 2 1 2 2 4 4 2 5 
2 1 2 5 3 4 2 5 2 1 2 5 3 4 2 12 0 0 12 5 2 3 0 5 2 3 0 5 2 15 0 0 12 5 2 3 0 5 2 3 0 5 2 15 0 0 12 5 2 3 0 5 2 3 0 5 2 15 0 0 12 5 2 3 0 5 2 2 2 1 2 5 3 4 2 5 2 1 2 2 4 4 2 5 2 1 2 
5 3 4 2 5 2 1 2 5 3 4 2 12 0 0 12 5 2 3 0 5 2 3 0 5 2 15 0 0 12 5 2 3 0 5 2 3 0 5 2 15 0 0 12 5 2 3 0 5 2 3 0 5 2 15 0 0 12 5 2 3 0 5 2 2 2 1 2 5 3 4 2 5 2 1 2 2 4 4 2 5 2 1 2 5 3 
4 2 5 2 1 2 5 3 4 2 12 0 0 12 5 2 3 0 5 2 3 0 5 2 15 0 0 12 5 2 3 0 5 2 3 0 5 2 15 0 0 12 5 2 3 0 5 2 3 0 5 2 15 0 0 12 5 2 3 0 5 2 2 2 1 2 5 3 4 2 5 2 1 2 2 4 4 2 5 2 1 2 5 3 4 2 
5 2 1 2 5 3 4 2 12 0 0 12 5 2 3 0 5 2 3 0 5 2 15 0 0 12 5 2 3 0 5 2 3 0 5 2 15 0 0 12 5 2 3 0 5 2 3 0 5 2 15 0 0 12 5 2 3 0 5 2 2 2 1 2 5 3 4 2 5 2 1 2 2 4 4 2 5 2 1 2 5 3 4 2 5 2 1 
2 5 3 4 2 12 0 0 12 5 2 3 0 5 2 3 0 5 2 15 0 0 12 5 2 3 0 5 2 3 0 5 2 15 0 0 12 5 2 3 0 5 2 3 0 5 2 15 0 0 12 5 2 3 0 5 2 2 2 1 2 5 3 4 2 5 2 1 2 2 4 4 2 5 2 1 2 5 3 4 2 5 2 1 2 2 4 
3 4 2 12 0 0 12 5 2 3 0 5 2 3 0 5 2 15 0 0 12 5 2 3 0 5 2 3 0 5 2 15 0 0 12 5 2 3 0 5 2 3 0 5 2 15 0 0 12 5 2 3 0 5 2 2 2 1 2 5 3 4 2 5 2 1 2 2 4 4 2 5 2 1 2 5 3 4 2 5 2 1 2 2 4 4 2 
12 0 0 12 5 2 3 0 5 2 3 0 5 2 15 0 0 12 5 2 3 0 5 2 3 0 5 2 15 0 0 12 5 2 3 0 5 2 3 0 5 2 15 0 0 12 5 2 3 0 5 2 2 2 1 2 5 3 4 2 5 2 1 2 2 4 4 2 5 2 1 2 5 3 4 2 5 2 1 2 2 4 4 2 5 
0 0 12 5 2 3 0 5 2 3 0 5 2 15 0 0 12 5 2 3 0 5 2 3 0 5 2 15 0 0 12 5 2 3 0 5 2 3 0 5 2 15 0 0 12 5 2 3 0 5 2 2 2 1 2 5 3 4 2 5 2 1 2 2 4 4 2 5 2 1 2 5 3 4 2 5 2 1 2 2 4 4 2 5 2 1 2 
3 0 5 2 3 0 5 2 15 0 0 12 5 2 3 0 5 2 3 0 5 2 15 0 0 12 5 2 3 0 5 2 3 0 5 2 15 0 0 12 5 2 3 0 5 2 2 2 1 2 5 3 4 2 5 2 1 2 2 4 4 2 5 2 1 2 5 3 4 2 5 2 1 2 2 4 4 2 5 2 1 2 5 3 
3 0 5 2 15 0 0 12 5 2 3 0 5 2 3 0 5 2 15 0 0 12 5 2 3 0 5 2 3 0 5 2 15 0 0 12 5 2 3 0 5 2 2 2 1 2 5 3 4 2 5 2 1 2 2 4 4 2 5 2 1 2 5 3 4 2 5 2 1 2 2 4 4 2 5 2 1 2 5 3 4 2 
15 0 0 12 5 2 3 0 5 2 3 0 5 2 15 0 0 12 5 2 3 0 5 2 3 0 5 2 15 0 0 12 5 2 3 0 5 2 2 2 1 2 5 3 4 2 5 2 1 2 2 4 4 2 5 2 1 2 5 3 4 2 5 2 1 2 2 4 4 2 5 2 1 2 5 3 4 2 5 2 1 
12 5 2 3 0 5 2 3 0 5 2 15 0 0 12 5 2 3 0 5 2 3 0 5 2 15 0 0 12 5 2 3 0 5 2 2 2 1 2 5 3 4 2 5 2 1 2 2 4 4 2 5 2 1 2 5 3 4 2 5 2 1 2 2 4 4 2 5 2 1 2 5 3 4 2 5 2 1 2 2 
0 5 2 3 0 5 2 15 0 0 12 5 2 3 0 5 2 3 0 5 2 15 0 0 12 5 2 3 0 5 2 2 2 1 2 5 3 4 2 5 2 1 2 2 4 4 2 5 2 1 2 5 3 4 2 5 2 1 2 2 4 4 2 5 2 1 2 5 3 4 2 5 2 1 2 2 4 4 2 
5 2 15 0 0 12 5 2 3 0 5 2 3 0 5 2 15 0 0 12 5 2 3 0 5 2 2 2 1 2 5 3 4 2 5 2 1 2 2 4 4 2 5 2 1 2 5 3 4 2 5 2 1 2 2 4 4 2 5 2 1 2 5 3 4 2 5 2 1 2 2 4 4 2 
15 0 0 12 5 2 3 0 5 2 3 0 5 2 15 0 0 12 5 2 3 0 5 2 2 2 1 2 5 3 4 2 5 2 1 2 2 4 4 2 5 2 1 2 5 3 4 2 5 2 1 2 2 4 4 2 5 2 1 2 5 3 4 2 5 2 1 2 2 4 4 2 5 2 1 2 
2 3 0 5 2 3 0 5 2 15 0 0 12 5 2 3 0 5 2 2 2 1 2 5 3 4 2 5 2 1 2 2 4 4 2 5 2 1 2 5 3 4 2 5 2 1 2 2 4 4 2 5 2 1 2 5 3 4 2 5 2 1 2 2 4 4 2 5 2 1 2 5 3 
2 3 0 5 2 15 0 0 12 5 2 3 0 5 2 2 2 1 2 5 3 4 2 5 2 1 2 2 4 4 2 5 2 1 2 5 3 4 2 5 2 1 2 2 4 4 2 5 2 1 2 5 3 4 2 5 2 1 2 2 4 4 2 5 2 1 2 5 3 4 2 
15 0 0 12 5 2 3 0 5 2 2 2 1 2 5 3 4 2 5 2 1 2 2 4 4 2 5 2 1 2 5 3 4 2 5 2 1 2 2 4 4 2 5 2 1 2 5 3 4 2 5 2 1 2 2 4 4 2 5 2 1 2 5 3 4 2 5 2 
0 12 5 2 3 0 5 2 2 2 1 2 5 3 4 2 5 2 1 2 2 4 4 2 5 2 1 2 5 3 4 2 5 2 1 2 2 4 4 2 5 2 1 2 5 3 4 2 5 2 1 2 2 4 4 2 5 2 1 2 5 3 4 2 5 2 1 2 
0 5 2 2 2 1 2 5 3 4 2 5 2 1 2 2 4 4 2 5 2 1 2 5 3 4 2 5 2 1 2 2 4 4 2 5 2 1 2 5 3 4 2 5 2 1 2 2 4 4 2 5 2 1 2 5 3 4 2 5 2 1 2 2 4 4 
2 2 1 2 5 3 4 2 5 2 1 2 2 4 4 2 5 2 1 2 5 3 4 2 5 2 1 2 2 4 4 2 5 2 1 2 5 3 4 2 5 2 1 2 2 4 4 2 5 2 1 2 5 3 4 2 5 2 1 2 2 4 4 2 
2 2 1 2 5 3 4 2 5 2 1 2 2 4 4 2 5 2 1 2 5 3 4 2 5 2 1 2 2 4 4 2 5 2 1 2 5 3 4 2 5 2 1 2 2 4 4 2 5 2 1 2 5 3 4 2 5 2 1 2 2 4 4 2 5 2 1 2 
2 5 3 4 2 5 2 1 2 2 4 4 2 5 2 1 2 5 3 4 2 5 2 1 2 2 4 4 2 5 2 1 2 5 3 4 2 5 2 1 2 2 4 4 2 5 2 1 2 5 3 4 2 5 2 1 2 2 4 4 2 5 2 1 2 5 3 
4 2 5 2 1 2 2 4 4 2 5 2 1 2 5 3 4 2 5 2 1 2 2 4 4 2 5 2 1 2 5 3 4 2 5 2 1 2 2 4 4 2 5 2 1 2 5 3 4 2 5 2 1 2 2 4 4 2 5 2 1 2 5 3 4 2 
5 2 1 2 2 4 4 2 5 2 1 2 5 3 4 2 5 2 1 2 2 4 4 2 5 2 1 2 5 3 4 2 5 2 1 2 2 4 4 2 5 2 1 2 5 3 4 2 5 2 1 2 2 4 4 2 5 2 1 2 5 3 4 2 5 
2 1 2 2 4 4 2 5 2 1 2 5 3 4 2 5 2 1 2 2 4 4 2 5 2 1 2 5 3 4 2 5 2 1 2 2 4 4 2 5 2 1 2 5 3 4 2 5 2 1 2 2 4 4 2 5 2 1 2 5 3 4 2 5 2 1 2 
2 4 4 2 5 2 1 2 5 3 4 2 5 2 1 2 2 4 4 2 5 2 1 2 5 3 4 2 5 2 1 2 2 4 4 2 5 2 1 2 5 3 4 2 5 2 1 2 2 4 4 2 5 2 1 2 5 3 4 2 5 2 1 2 2 4 
4 2 5 2 1 2 5 3 4 2 5 2 1 2 2 4 4 2 5 2 1 2 5 3 4 2 5 2 1 2 2 4 4 2 5 2 1 2 5 3 4 2 5 2 1 2 2 4 4 2 5 2 1 2 5 3 4 2 5 2 1 2 2 4 4 2 
5 2 1 2 5 3 4 2 5 2 1 2 2 4 4 2 5 2 1 2 5 3 4 2 5 2 1 2 2 4 4 2 5 2 1 2 5 3 4 2 5 2 1 2 2 4 4 2 5 2 1 2 5 3 4 2 5 2 1 2 2 4 4 2 5 2 1 
1 2 5 3 4 2 5 2 1 2 2 4 4 2 5 2 1 2 5 3 4 2 5 2 1 2 2 4 4 2 5 2 1 2 5 3 4 2 5 2 1 2 2 4 4 2 5 2 1 2 5 3 4 2 5 2 1 2 2 4 4 2 5 2 1 2 5 
3 4 2 5 2 1 2 2 4 4 2 5 2 1 2 5 3 4 2 5 2 1 2 2 4 4 2 5 2 1 2 5 3 4 2 5 2 1 2 2 4 4 2 5 2 1 2 5 3 4 2 5 2 1 2 2 4 4 2 5 2 1 2 5 3 4 2 
2 5 2 1 2 2 4 4 2 5 2 1 2 5 3 4 2 5 2 1 2 2 4 4 2 5 2 1 2 5 3 4 2 5 2 1 2 2 4 4 2 5 2 1 2 5 3 4 2 5 2 1 2 2 4 4 2 5 2 1 2 5 3 4 2 
2 1 2 2 4 4 2 5 2 1 2 5 3 4 2 5 2 1 2 2 4 4 2 5 2 1 2 5 3 4 2 5 2 1 2 2 4 4 2 5 2 1 2 5 3 4 2 5 2 1 2 2 4 4 2 5 2 1 2 5 3 4 2 5 2 1 2 
2 4 4 2 5 2 1 2 5 3 4 2 5 2 1 2 2 4 4 2 5 2 1 2 5 3 4 2 5 2 1 2 2 4 4 2 5 2 1 2 5 3 4 2 5 2 1 2 2 4 4 2 5 2 1 2 5 3 4 2 5 2 1 2 2 4 
4 2 5 2 1 2 5 3 4 2 5 2 1 2 2 4 4 2 5 2 1 2 5 3 4 2 5 2 1 2 2 4 4 2 5 2 1 2 5 3 4 2 5 2 1 2 2 4 4 2 5 2 1 2 5 3 4 2 5 2 1 2 2 4 4 2 
5 2 1 2 5 3 4 2 5 2 1 2 2 4 4 2 5 2 1 2 5 3 4 2 5 2 1 2 2 4 4 2 5 2 1 2 5 3 4 2 5 2 1 2 2 4 4 2 5 2 1 2 5 3 4 2 5 2 1 2 2 4 4 2 5 2 
1 2 5 3 4 2 5 2 1 2 2 4 4 2 5 2 1 2 5 3 4 2 5 2 1 2 2 4 4 2 5 2 1 2 5 3 4 2 5 2 1 2 2 4 4 2 5 2 1 2 5 3 4 2 5 2 1 2 2 4 4 2 5 2 1 2 5 
5 3 4 2 5 2 1 2 2 4 4 2 5 2 1 2 5 3 4 2 5 2 1 2 2 4 4 2 5 2 1 2 5 3 4 2 5 2 1 2 2 4 4 2 5 2 1 2 5 3 4 2 5 2 1 2 2 4 4 2 5 2 1 2 5 3 4 
2 5 2 1 2 2 4 4 2 5 2 1 2 5 3 4 2 5 2 1 2 2 4 4 2 5 2 1 2 5 3 4 2 5 2 1 2 2 4 4 2 5 2 1 2 5 3 4 2 5 2 1 2 2 4 4 2 5 2 1 2 5 3 4 2 
5 2 1 2 2 4 4 2 5 2 1 2 5 3 4 2 5 2 1 2 2 4 4 2 5 2 1 2 5 3 4 2 5 2 1 2 2 4 4 2 5 2 1 2 5 3 4 2 5 2 1 2 2 4 4 2 5 2 1 2 5 3 4 2 5 2 1 2 
2 4 4 2 5 2 1 2 5 3 4 2 5 2 1 2 2 4 4 2 5 2 1 2 5 3 4 2 5 2 1 2 2 4 4 2 5 2 1 2 5 3 4 2 5 2 1 2 2 4 4 2 5 2 1 2 5 3 4 2 5 2 1 2 2 4 
4 2 5 2 1 2 5 3 4 2 5 2 1 2 2 4 4 2 5 2 1 2 5 3 4 2 5 2 1 2 2 4 4 2 5 2 1 2 5 3 4 2 5 2 1 2 2 4 4 2 5 2 1 2 5 3 4 2 5 2 1 2 2 4 4 2 
5 2 1 2 5 3 4 2 5 2 1 2 2 4 4 2 5 2 1 2 5 3 4 2 5 2 1 2 2 4 4 2 5 2 1 2 5 3 4 2 5 2 1 2 2 4 4 2 5 2 1 2 5 3 4 2 5 2 1 2 2 4 4 2 5 
2 1 2 5 3 4 2 5 2 1 2 2 4 4 2 5 2 1 2 5 3 4 2 5 2 1 2 2 4 4 2 5 2 1 2 5 3 4 2 5 2 1 2 2 4 4 2 5 2 1 2 5 3 4 2 5 2 1 2 2 4 4 2 5 2 1 2 
5 3 4 2 5 2 1 2 2 4 4 2 5 2 1 2 5 3 4 2 5 2 1 2 2 4 4 2 5 2 1 2 5 3 4 2 5 2 1 2 2 4 4 2 5 2 1 2 5 3 4 2 5 2 1 2 2 4 4 2 5 2 1 2 5 3 
4 2 5 2 1 2 2 4 4 2 5 2 1 2 5 3 4 2 5 2 1 2 2 4 4 2 5 2 1 2 5 3 4 2 5 2 1 2 2 4 4 2 5 2 1 2 5 3 4 2 5 2 1 2 2 4 4 2 5 2 1 2 5 3 4 2 
5 2 1 2 2 4 4 2 5 2 1 2 5 3 4 2 5 2 1 2 2 4 4 2 5 2 1 2 5 3 4 2 5 2 1 2 2 4 4 2 5 2 1 2 5 3 4 2 5 2 1 2 2 4 4 2 5 2 1 2 5 3 4 2 5 2 1 
2 2 4 4 2 5 2 1 2 5 3 4 2 5 2 1 2 2 4 4 2 5 2 1 2 5 3 4 2 5 2 1 2 2 4 4 2 5 2 1 2 5 3 4 2 5 2 1 2 2 4 4 2 5 2 1 2 5 3 4 2 5 2 1 2 2 4 
