10 3 2 2 1 1 3 10 3 2 2 1 1 3 10 3 2 2 1 1 3 10 3 2 2 1 1 
3 2 2 1 1 3 10 3 2 2 1 1 3 10 3 2 2 1 1 3 10 3 2 2 1 1 
2 2 1 1 3 10 3 2 2 1 1 3 10 3 2 2 1 1 3 10 3 2 2 1 1 
2 1 1 3 10 3 2 2 1 1 3 10 3 2 2 1 1 3 10 3 2 2 1 1 
1 3 10 3 2 2 1 1 3 10 3 2 2 1 1 3 10 3 2 2 1 1 
3 2 2 1 1 3 10 3 2 2 1 1 3 10 3 2 2 1 1 
2 2 1 1 3 10 3 2 2 1 1 3 10 3 2 2 1 1 
2 2 1 1 3 10 3 2 2 1 1 3 10 3 2 2 1 1 
1 1 3 10 3 2 2 1 1 3 10 3 2 2 1 1 
3 10 3 2 2 1 1 3 10 3 2 2 1 1 7 
3 2 2 1 1 3 10 3 2 2 1 1 7 3 
2 2 1 1 3 10 3 2 2 1 1 7 3 2 2 1 
2 1 1 3 10 3 2 2 1 1 7 3 2 2 1 1 3 
1 3 10 3 2 2 1 1 7 3 2 2 1 1 3 10 
10 3 2 2 1 1 7 3 2 2 1 1 3 10 
2 2 1 1 7 3 2 2 1 1 3 10 3 2 2 
2 2 1 1 7 3 2 2 1 1 3 10 3 2 2 1 
2 1 1 7 3 2 2 1 1 3 10 3 2 2 1 1 
7 3 2 2 1 1 3 10 3 2 2 1 1 
7 3 2 2 1 1 3 10 3 2 2 1 1 
7 3 2 2 1 1 3 10 3 2 2 1 1 
7 3 2 2 1 1 3 10 3 2 2 1 1 
7 3 2 2 1 1 3 10 3 2 2 1 1 
7 3 2 2 1 1 3 10 3 2 2 1 1 
7 3 2 2 1 1 3 10 3 2 2 1 1 
7 3 2 2 1 1 3 10 3 2 2 1 1 
7 3 2 2 1 1 3 10 3 2 2 1 1 
7 3 2 2 1 1 3 10 3 2 2 1 1 
7 3 2 2 1 1 3 10 3 2 2 1 1 
7 3 2 2 1 1 3 10 3 2 2 1 1 
7 3 2 2 1 1 3 10 3 2 2 1 1 
7 3 2 2 1 1 3 10 3 2 2 1 1 
7 3 2 2 1 1 3 10 3 2 2 1 1 
7 3 2 2 1 1 3 10 3 2 2 1 1 
7 3 2 2 1 1 3 10 3 2 2 1 1 
7 3 2 2 1 1 3 10 3 2 2 1 1 
7 3 2 2 1 1 3 10 3 2 2 1 1 9 5 5 
7 3 2 2 1 1 3 10 3 2 2 1 1 9 5 5 5 2 
3 2 2 1 1 3 10 3 2 2 1 1 9 5 5 5 2 7 
2 2 1 1 3 10 3 2 2 1 1 9 5 5 5 2 7 5 5 5 
2 1 1 3 10 3 2 2 1 1 9 5 5 5 2 7 5 5 5 2 7 
3 10 3 2 2 1 1 9 5 5 5 2 7 5 5 5 2 7 5 5 5 
3 2 2 1 1 9 5 5 5 2 7 5 5 5 2 7 5 5 5 2 
2 2 1 1 9 5 5 5 2 7 5 5 5 2 7 5 5 5 2 7 5 5 
2 2 1 1 9 5 5 5 2 7 5 5 5 2 7 5 5 5 2 7 5 5 5 2 
1 9 5 5 5 2 7 5 5 5 2 7 5 5 5 2 7 5 5 5 2 7 5 5 
9 5 5 5 2 7 5 5 5 2 7 5 5 5 2 7 5 5 5 2 7 5 5 5 
9 5 5 5 2 7 5 5 5 2 7 5 5 5 2 7 5 5 5 2 7 5 5 5 2 7 
9 5 5 5 2 7 5 5 5 2 7 5 5 5 2 7 5 5 5 2 7 5 5 5 2 7 5 5 5 
9 5 5 5 2 7 5 5 5 2 7 5 5 5 2 7 5 5 5 2 7 5 5 5 2 7 5 5 5 2 
9 5 5 5 2 7 5 5 5 2 7 5 5 5 2 7 5 5 5 2 7 5 5 5 2 7 5 5 5 2 7 5 5 
9 5 5 5 2 7 5 5 5 2 7 5 5 5 2 7 5 5 5 2 7 5 5 5 2 7 5 5 5 2 7 5 5 5 2 
9 5 5 5 2 7 5 5 5 2 7 5 5 5 2 7 5 5 5 2 7 5 5 5 2 7 5 5 5 2 7 5 5 5 2 7 5 5 
9 5 5 5 2 7 5 5 5 2 7 5 5 5 2 7 5 5 5 2 7 5 5 5 2 7 5 5 5 2 7 5 5 5 2 7 5 5 5 
9 5 5 5 2 7 5 5 5 2 7 5 5 5 2 7 5 5 5 2 7 5 5 5 2 7 5 5 5 2 7 5 5 5 2 7 5 5 5 2 
9 5 5 5 2 7 5 5 5 2 7 5 5 5 2 7 5 5 5 2 7 5 5 5 2 7 5 5 5 2 7 5 5 5 2 7 5 5 5 2 
9 5 5 5 2 7 5 5 5 2 7 5 5 5 2 7 5 5 5 2 7 5 5 5 2 7 5 5 5 2 7 5 5 5 2 7 5 5 5 2 
9 5 5 5 2 7 5 5 5 2 7 5 5 5 2 7 5 5 5 2 7 5 5 5 2 7 5 5 5 2 7 5 5 5 2 7 5 5 5 2 
9 5 5 5 2 7 5 5 5 2 7 5 5 5 2 7 5 5 5 2 7 5 5 5 2 7 5 5 5 2 7 5 5 5 2 7 5 5 5 2 
9 5 5 5 2 7 5 5 5 2 7 5 5 5 2 7 5 5 5 2 7 5 5 5 2 7 5 5 5 2 7 5 5 5 2 7 5 5 5 2 
9 5 5 5 2 7 5 5 5 2 7 5 5 5 2 7 5 5 5 2 7 5 5 5 2 7 5 5 5 2 7 5 5 5 2 7 5 5 5 2 
9 5 5 5 2 7 5 5 5 2 7 5 5 5 2 7 5 5 5 2 7 5 5 5 2 7 5 5 5 2 7 5 5 5 2 7 5 5 5 2 
9 5 5 5 2 7 5 5 5 2 7 5 5 5 2 7 5 5 5 2 7 5 5 5 2 7 5 5 5 2 7 5 5 5 2 7 5 5 5 2 
9 5 5 5 2 7 5 5 5 2 7 5 5 5 2 7 5 5 5 2 7 5 5 5 2 7 5 5 5 2 7 5 5 5 2 7 5 5 5 2 
9 5 5 5 2 7 5 5 5 2 7 5 5 5 2 7 5 5 5 2 7 5 5 5 2 7 5 5 5 2 7 5 5 5 2 7 5 5 5 2 
5 5 2 7 5 5 5 2 7 5 5 5 2 7 5 5 5 2 7 5 5 5 2 7 5 5 5 2 7 5 5 5 2 7 5 5 5 2 
2 7 5 5 5 2 7 5 5 5 2 7 5 5 5 2 7 5 5 5 2 7 5 5 5 2 7 5 5 5 2 7 5 5 5 2 
5 5 5 2 7 5 5 5 2 7 5 5 5 2 7 5 5 5 2 7 5 5 5 2 7 5 5 5 2 7 5 5 5 2 
5 2 7 5 5 5 2 7 5 5 5 2 7 5 5 5 2 7 5 5 5 2 7 5 5 5 2 7 5 5 5 2 
7 5 5 5 2 7 5 5 5 2 7 5 5 5 2 7 5 5 5 2 7 5 5 5 2 7 5 5 5 2 
5 2 7 5 5 5 2 7 5 5 5 2 7 5 5 5 2 7 5 5 5 2 7 5 5 5 2 
7 5 5 5 2 7 5 5 5 2 7 5 5 5 2 7 5 5 5 2 7 5 5 5 2 
5 5 2 7 5 5 5 2 7 5 5 5 2 7 5 5 5 2 7 5 5 5 2 
2 7 5 5 5 2 7 5 5 5 2 7 5 5 5 2 7 5 5 5 2 
5 5 5 2 7 5 5 5 2 7 5 5 5 2 7 5 5 5 2 
2 7 5 5 5 2 7 5 5 5 2 7 5 5 5 2 
7 5 5 5 2 7 5 5 5 2 7 5 5 5 2 
5 2 7 5 5 5 2 7 5 5 5 2 
7 5 5 5 2 7 5 5 5 2 
5 5 2 7 5 5 5 2 
2 7 5 5 5 2 
5 5 5 2 
2 








7 
7 5 5 5 
7 5 5 5 2 7 
7 5 5 5 2 7 5 5 
7 5 5 5 2 7 5 5 5 2 
7 5 5 5 2 7 5 5 5 2 7 5 5 
7 5 5 5 2 7 5 5 5 2 7 5 5 5 2 
7 5 5 5 2 7 5 5 5 2 7 5 5 5 2 7 
7 5 5 5 2 7 5 5 5 2 7 5 5 5 2 7 5 5 5 
7 5 5 5 2 7 5 5 5 2 7 5 5 5 2 7 5 5 5 2 7 
7 5 5 5 2 7 5 5 5 2 7 5 5 5 2 7 5 5 5 2 7 5 5 5 
7 5 5 5 2 7 5 5 5 2 7 5 5 5 2 7 5 5 5 2 7 5 5 5 2 
7 5 5 5 2 7 5 5 5 2 7 5 5 5 2 7 5 5 5 2 7 5 5 5 2 7 5 5 
7 5 5 5 2 7 5 5 5 2 7 5 5 5 2 7 5 5 5 2 7 5 5 5 2 7 5 5 5 2 
7 5 5 5 2 7 5 5 5 2 7 5 5 5 2 7 5 5 5 2 7 5 5 5 2 7 5 5 5 2 7 5 5 
7 5 5 5 2 7 5 5 5 2 7 5 5 5 2 7 5 5 5 2 7 5 5 5 2 7 5 5 5 2 7 5 5 5 
7 5 5 5 2 7 5 5 5 2 7 5 5 5 2 7 5 5 5 2 7 5 5 5 2 7 5 5 5 2 7 5 5 5 2 7 
7 5 5 5 2 7 5 5 5 2 7 5 5 5 2 7 5 5 5 2 7 5 5 5 2 7 5 5 5 2 7 5 5 5 2 7 5 5 5 
7 5 5 5 2 7 5 5 5 2 7 5 5 5 2 7 5 5 5 2 7 5 5 5 2 7 5 5 5 2 7 5 5 5 2 7 5 5 5 2 
7 5 5 5 2 7 5 5 5 2 7 5 5 5 2 7 5 5 5 2 7 5 5 5 2 7 5 5 5 2 7 5 5 5 2 7 5 5 5 2 7 5 5 
7 5 5 5 2 7 5 5 5 2 7 5 5 5 2 7 5 5 5 2 7 5 5 5 2 7 5 5 5 2 7 5 5 5 2 7 5 5 5 2 7 5 5 5 
7 5 5 5 2 7 5 5 5 2 7 5 5 5 2 7 5 5 5 2 7 5 5 5 2 7 5 5 5 2 7 5 5 5 2 7 5 5 5 2 7 5 5 5 2 
7 5 5 5 2 7 5 5 5 2 7 5 5 5 2 7 5 5 5 2 7 5 5 5 2 7 5 5 5 2 7 5 5 5 2 7 5 5 5 2 7 5 5 5 2 
7 5 5 5 2 7 5 5 5 2 7 5 5 5 2 7 5 5 5 2 7 5 5 5 2 7 5 5 5 2 7 5 5 5 2 7 5 5 5 2 7 5 5 5 2 
7 5 5 5 2 7 5 5 5 2 7 5 5 5 2 7 5 5 5 2 7 5 5 5 2 7 5 5 5 2 7 5 5 5 2 7 5 5 5 2 7 5 5 5 2 
7 5 5 5 2 7 5 5 5 2 7 5 5 5 2 7 5 5 5 2 7 5 5 5 2 7 5 5 5 2 7 5 5 5 2 7 5 5 5 2 7 5 5 5 2 
7 5 5 5 2 7 5 5 5 2 7 5 5 5 2 7 5 5 5 2 7 5 5 5 2 7 5 5 5 2 7 5 5 5 2 7 5 5 5 2 7 5 5 5 2 
7 5 5 5 2 7 5 5 5 2 7 5 5 5 2 7 5 5 5 2 7 5 5 5 2 7 5 5 5 2 7 5 5 5 2 7 5 5 5 2 7 5 5 5 2 
7 5 5 5 2 7 5 5 5 2 7 5 5 5 2 7 5 5 5 2 7 5 5 5 2 7 5 5 5 2 7 5 5 5 2 7 5 5 5 2 7 5 5 5 2 
5 5 5 2 7 5 5 5 2 7 5 5 5 2 7 5 5 5 2 7 5 5 5 2 7 5 5 5 2 7 5 5 5 2 7 5 5 5 2 7 5 5 5 2 
5 2 7 5 5 5 2 7 5 5 5 2 7 5 5 5 2 7 5 5 5 2 7 5 5 5 2 7 5 5 5 2 7 5 5 5 2 7 5 5 5 2 
7 5 5 5 2 7 5 5 5 2 7 5 5 5 2 7 5 5 5 2 7 5 5 5 2 7 5 5 5 2 7 5 5 5 2 7 5 5 5 2 
5 2 7 5 5 5 2 7 5 5 5 2 7 5 5 5 2 7 5 5 5 2 7 5 5 5 2 7 5 5 5 2 7 5 5 5 2 
2 7 5 5 5 2 7 5 5 5 2 7 5 5 5 2 7 5 5 5 2 7 5 5 5 2 7 5 5 5 2 7 5 5 5 2 
5 5 2 7 5 5 5 2 7 5 5 5 2 7 5 5 5 2 7 5 5 5 2 7 5 5 5 2 7 5 5 5 2 
2 7 5 5 5 2 7 5 5 5 2 7 5 5 5 2 7 5 5 5 2 7 5 5 5 2 7 5 5 5 2 
5 5 5 2 7 5 5 5 2 7 5 5 5 2 7 5 5 5 2 7 5 5 5 2 7 5 5 5 2 
5 2 7 5 5 5 2 7 5 5 5 2 7 5 5 5 2 7 5 5 5 2 7 5 5 5 2 
7 5 5 5 2 7 5 5 5 2 7 5 5 5 2 7 5 5 5 2 7 5 5 5 2 
5 2 7 5 5 5 2 7 5 5 5 2 7 5 5 5 2 7 5 5 5 2 
7 5 5 5 2 7 5 5 5 2 7 5 5 5 2 7 5 5 5 2 
5 5 2 7 5 5 5 2 7 5 5 5 2 7 5 5 5 2 
2 7 5 5 5 2 7 5 5 5 2 7 5 5 5 2 
5 5 5 2 7 5 5 5 2 7 5 5 5 2 
2 7 5 5 5 2 7 5 5 5 2 
7 5 5 5 2 7 5 5 5 2 
5 2 7 5 5 5 2 
7 5 5 5 2 
5 5 2 
2 





























