5 5 5 5 7 7 5 5 7 7 5 4 4 5 5 5 5 5 5 5 7 7 5 0 12 7 0 12 12 5 5 5 5 7 7 5 5 7 7 5 4 4 5 5 5 5 5 5 5 7 
5 5 5 5 7 7 5 5 7 7 5 4 4 5 5 5 5 5 5 5 7 7 5 0 12 7 0 12 12 5 5 5 5 7 7 5 5 7 7 5 4 4 5 5 5 5 5 5 5 7 7 5 
5 5 5 5 7 7 5 5 7 7 5 4 4 5 5 5 5 5 5 5 7 7 5 0 12 7 0 12 12 5 5 5 5 7 7 5 5 7 7 5 4 4 5 5 5 5 5 5 5 7 7 5 
5 5 5 5 7 7 5 5 7 7 5 4 4 5 5 5 5 5 5 5 7 7 5 0 12 7 0 12 12 5 5 5 5 7 7 5 5 7 7 5 4 4 5 5 5 5 5 5 5 7 7 5 
5 5 7 7 5 5 7 7 5 4 4 5 5 5 5 5 5 5 7 7 5 0 12 7 0 12 12 5 5 5 5 7 7 5 5 7 7 5 4 4 5 5 5 5 5 5 5 7 7 5 0 0 
7 7 5 5 7 7 5 4 4 5 5 5 5 5 5 5 7 7 5 0 12 7 0 12 12 5 5 5 5 7 7 5 5 7 7 5 4 4 5 5 5 5 5 5 5 7 7 5 0 0 5 12 
5 5 7 7 5 4 4 5 5 5 5 5 5 5 7 7 5 0 12 7 0 12 12 5 5 5 5 7 7 5 5 7 7 5 4 4 5 5 5 5 5 5 5 7 7 5 0 0 5 12 4 4 
7 7 5 4 4 5 5 5 5 5 5 5 7 7 5 0 12 7 0 12 12 5 5 5 5 7 7 5 5 7 7 5 4 4 5 5 5 5 5 5 5 7 7 5 0 0 5 12 4 4 4 4 
5 4 4 5 5 5 5 5 5 5 7 7 5 0 12 7 0 12 12 5 5 5 5 7 7 5 5 7 7 5 4 4 5 5 5 5 5 5 5 7 7 5 0 0 5 12 4 4 4 4 5 5 
4 5 5 5 5 5 5 5 7 7 5 0 12 7 0 12 12 5 5 5 5 7 7 5 5 7 7 5 4 4 5 5 5 5 5 5 5 7 7 5 0 0 5 12 4 4 4 4 5 5 5 2 
5 5 5 5 5 5 7 7 5 0 12 7 0 12 12 5 5 5 5 7 7 5 5 7 7 5 4 4 5 5 5 5 5 5 5 7 7 5 0 0 5 12 4 4 4 4 5 5 5 2 1 4 
5 5 5 5 7 7 5 0 12 7 0 12 12 5 5 5 5 7 7 5 5 7 7 5 4 4 5 5 5 5 5 5 5 7 7 5 0 0 5 12 4 4 4 4 5 5 5 2 1 4 4 4 
5 5 7 7 5 0 12 7 0 12 12 5 5 5 5 7 7 5 5 7 7 5 4 4 5 5 5 5 5 5 5 7 7 5 0 0 5 12 4 4 4 4 5 5 5 2 1 4 4 4 5 5 
7 7 5 0 12 7 0 12 12 5 5 5 5 7 7 5 5 7 7 5 4 4 5 5 5 5 5 5 5 7 7 5 0 0 5 12 4 4 4 4 5 5 5 2 1 4 4 4 5 5 5 5 
5 0 12 7 0 12 12 5 5 5 5 7 7 5 5 7 7 5 4 4 5 5 5 5 5 5 5 7 7 5 0 0 5 12 4 4 4 4 5 5 5 2 1 4 4 4 5 5 5 5 13 4 
0 12 7 0 12 12 5 5 5 5 7 7 5 5 7 7 5 4 4 5 5 5 5 5 5 5 7 7 5 0 0 5 12 4 4 4 4 5 5 5 2 1 4 4 4 5 5 5 5 13 4 4 4 
0 12 7 0 12 12 5 5 5 5 7 7 5 5 7 7 5 4 4 5 5 5 5 5 5 5 7 7 5 0 0 5 12 4 4 4 4 5 5 5 2 1 4 4 4 5 5 5 5 13 4 4 4 1 5 
12 7 0 12 12 5 5 5 5 7 7 5 5 7 7 5 4 4 5 5 5 5 5 5 5 7 7 5 0 0 5 12 4 4 4 4 5 5 5 2 1 4 4 4 5 5 5 5 13 4 4 4 1 5 5 5 
0 12 12 5 5 5 5 7 7 5 5 7 7 5 4 4 5 5 5 5 5 5 5 7 7 5 0 0 5 12 4 4 4 4 5 5 5 2 1 4 4 4 5 5 5 5 13 4 4 4 1 5 5 5 8 4 
5 5 5 5 7 7 5 5 7 7 5 4 4 5 5 5 5 5 5 5 7 7 5 0 0 5 12 4 4 4 4 5 5 5 2 1 4 4 4 5 5 5 5 13 4 4 4 1 5 5 5 8 4 2 2 
5 5 7 7 5 5 7 7 5 4 4 5 5 5 5 5 5 5 7 7 5 0 0 5 12 4 4 4 4 5 5 5 2 1 4 4 4 5 5 5 5 13 4 4 4 1 5 5 5 8 4 2 2 1 0 0 
7 7 5 5 7 7 5 4 4 5 5 5 5 5 5 5 7 7 5 0 0 5 12 4 4 4 4 5 5 5 2 1 4 4 4 5 5 5 5 13 4 4 4 1 5 5 5 8 4 2 2 1 0 0 12 
5 5 7 7 5 4 4 5 5 5 5 5 5 5 7 7 5 0 0 5 12 4 4 4 4 5 5 5 2 1 4 4 4 5 5 5 5 13 4 4 4 1 5 5 5 8 4 2 2 1 0 0 12 4 4 
7 7 5 4 4 5 5 5 5 5 5 5 7 7 5 0 0 5 12 4 4 4 4 5 5 5 2 1 4 4 4 5 5 5 5 13 4 4 4 1 5 5 5 8 4 2 2 1 0 0 12 4 4 4 4 
5 4 4 5 5 5 5 5 5 5 7 7 5 0 0 5 12 4 4 4 4 5 5 5 2 1 4 4 4 5 5 5 5 13 4 4 4 1 5 5 5 8 4 2 2 1 0 0 12 4 4 4 4 5 5 
4 5 5 5 5 5 5 5 7 7 5 0 0 5 12 4 4 4 4 5 5 5 2 1 4 4 4 5 5 5 5 13 4 4 4 1 5 5 5 8 4 2 2 1 0 0 12 4 4 4 4 5 5 5 2 
5 5 5 5 5 5 7 7 5 0 0 5 12 4 4 4 4 5 5 5 2 1 4 4 4 5 5 5 5 13 4 4 4 1 5 5 5 8 4 2 2 1 0 0 12 4 4 4 4 5 5 5 2 1 4 
5 5 5 5 7 7 5 0 0 5 12 4 4 4 4 5 5 5 2 1 4 4 4 5 5 5 5 13 4 4 4 1 5 5 5 8 4 2 2 1 0 0 12 4 4 4 4 5 5 5 2 1 4 4 4 
5 5 7 7 5 0 0 5 12 4 4 4 4 5 5 5 2 1 4 4 4 5 5 5 5 13 4 4 4 1 5 5 5 8 4 2 2 1 0 0 12 4 4 4 4 5 5 5 2 1 4 4 4 5 5 
7 7 5 0 0 5 12 4 4 4 4 5 5 5 2 1 4 4 4 5 5 5 5 13 4 4 4 1 5 5 5 8 4 2 2 1 0 0 12 4 4 4 4 5 5 5 2 1 4 4 4 5 5 5 5 
5 0 0 5 12 4 4 4 4 5 5 5 2 1 4 4 4 5 5 5 5 13 4 4 4 1 5 5 5 8 4 2 2 1 0 0 12 4 4 4 4 5 5 5 2 1 4 4 4 5 5 5 5 13 4 
0 0 5 12 4 4 4 4 5 5 5 2 1 4 4 4 5 5 5 5 13 4 4 4 1 5 5 5 8 4 2 2 1 0 0 12 4 4 4 4 5 5 5 2 1 4 4 4 5 5 5 5 13 4 4 4 
0 0 5 12 4 4 4 4 5 5 5 2 1 4 4 4 5 5 5 5 13 4 4 4 1 5 5 5 8 4 2 2 1 0 0 12 4 4 4 4 5 5 5 2 1 4 4 4 5 5 5 5 13 4 4 4 1 5 
0 5 12 4 4 4 4 5 5 5 2 1 4 4 4 5 5 5 5 13 4 4 4 1 5 5 5 8 4 2 2 1 0 0 12 4 4 4 4 5 5 5 2 1 4 4 4 5 5 5 5 13 4 4 4 1 5 5 5 
12 4 4 4 4 5 5 5 2 1 4 4 4 5 5 5 5 13 4 4 4 1 5 5 5 8 4 2 2 1 0 0 12 4 4 4 4 5 5 5 2 1 4 4 4 5 5 5 5 13 4 4 4 1 5 5 5 8 4 
4 4 4 5 5 5 2 1 4 4 4 5 5 5 5 13 4 4 4 1 5 5 5 8 4 2 2 1 0 0 12 4 4 4 4 5 5 5 2 1 4 4 4 5 5 5 5 13 4 4 4 1 5 5 5 8 4 2 2 
4 5 5 5 2 1 4 4 4 5 5 5 5 13 4 4 4 1 5 5 5 8 4 2 2 1 0 0 12 4 4 4 4 5 5 5 2 1 4 4 4 5 5 5 5 13 4 4 4 1 5 5 5 8 4 2 2 1 0 0 
5 5 2 1 4 4 4 5 5 5 5 13 4 4 4 1 5 5 5 8 4 2 2 1 0 0 12 4 4 4 4 5 5 5 2 1 4 4 4 5 5 5 5 13 4 4 4 1 5 5 5 8 4 2 2 1 0 0 12 
2 1 4 4 4 5 5 5 5 13 4 4 4 1 5 5 5 8 4 2 2 1 0 0 12 4 4 4 4 5 5 5 2 1 4 4 4 5 5 5 5 13 4 4 4 1 5 5 5 8 4 2 2 1 0 0 12 0 7 7 7 
4 4 4 5 5 5 5 13 4 4 4 1 5 5 5 8 4 2 2 1 0 0 12 4 4 4 4 5 5 5 2 1 4 4 4 5 5 5 5 13 4 4 4 1 5 5 5 8 4 2 2 1 0 0 12 0 7 7 7 7 7 7 7 
4 5 5 5 5 13 4 4 4 1 5 5 5 8 4 2 2 1 0 0 12 4 4 4 4 5 5 5 2 1 4 4 4 5 5 5 5 13 4 4 4 1 5 5 5 8 4 2 2 1 0 0 12 0 7 7 7 7 7 7 7 7 7 7 7 
5 5 5 13 4 4 4 1 5 5 5 8 4 2 2 1 0 0 12 4 4 4 4 5 5 5 2 1 4 4 4 5 5 5 5 13 4 4 4 1 5 5 5 8 4 2 2 1 0 0 12 0 7 7 7 7 7 7 7 7 7 7 7 7 7 7 7 
5 13 4 4 4 1 5 5 5 8 4 2 2 1 0 0 12 4 4 4 4 5 5 5 2 1 4 4 4 5 5 5 5 13 4 4 4 1 5 5 5 8 4 2 2 1 0 0 12 0 7 7 7 7 7 7 7 7 7 7 7 7 7 7 7 7 7 7 7 
4 4 4 1 5 5 5 8 4 2 2 1 0 0 12 4 4 4 4 5 5 5 2 1 4 4 4 5 5 5 5 13 4 4 4 1 5 5 5 8 4 2 2 1 0 0 12 0 7 7 7 7 7 7 7 7 7 7 7 7 7 7 7 7 7 7 7 7 7 7 7 
4 1 5 5 5 8 4 2 2 1 0 0 12 4 4 4 4 5 5 5 2 1 4 4 4 5 5 5 5 13 4 4 4 1 5 5 5 8 4 2 2 1 0 0 12 0 7 7 7 7 7 7 7 7 7 7 7 7 7 7 7 7 7 7 7 7 7 7 7 7 7 7 7 
5 5 5 8 4 2 2 1 0 0 12 4 4 4 4 5 5 5 2 1 4 4 4 5 5 5 5 13 4 4 4 1 5 5 5 8 4 2 2 1 0 0 12 0 7 7 7 7 7 7 7 7 7 7 7 7 7 7 7 7 7 7 7 7 7 7 7 7 7 7 7 7 7 7 7 
5 8 4 2 2 1 0 0 12 4 4 4 4 5 5 5 2 1 4 4 4 5 5 5 5 13 4 4 4 1 5 5 5 8 4 2 2 1 0 0 12 0 7 7 7 7 7 7 7 7 7 7 7 7 7 7 7 7 7 7 7 7 7 7 7 7 7 7 7 7 7 7 7 7 7 7 7 
4 2 2 1 0 0 12 4 4 4 4 5 5 5 2 1 4 4 4 5 5 5 5 13 4 4 4 1 5 5 5 8 4 2 2 1 0 0 12 0 7 7 7 7 7 7 7 7 7 7 7 7 7 7 7 7 7 7 7 7 7 7 7 7 7 7 7 7 7 7 7 7 7 7 7 7 7 7 7 
2 1 0 0 12 4 4 4 4 5 5 5 2 1 4 4 4 5 5 5 5 13 4 4 4 1 5 5 5 8 4 2 2 1 0 0 12 0 7 7 7 7 7 7 7 7 7 7 7 7 7 7 7 7 7 7 7 7 7 7 7 7 7 7 7 7 7 7 7 7 7 7 7 7 7 7 7 7 7 7 7 
0 0 12 4 4 4 4 5 5 5 2 1 4 4 4 5 5 5 5 13 4 4 4 1 5 5 5 8 4 2 2 1 0 0 12 0 7 7 7 7 7 7 7 7 7 7 7 7 7 7 7 7 7 7 7 7 7 7 7 7 7 7 7 7 7 7 7 7 7 7 7 7 7 7 7 7 7 7 7 7 7 7 7 
4 4 4 4 5 5 5 2 1 4 4 4 5 5 5 5 13 4 4 4 1 5 5 5 8 4 2 2 1 0 0 12 0 7 7 7 7 7 7 7 7 7 7 7 7 7 7 7 7 7 7 7 7 7 7 7 7 7 7 7 7 7 7 7 7 7 7 7 7 7 7 7 7 7 7 7 7 7 7 7 7 
4 4 4 5 5 5 2 1 4 4 4 5 5 5 5 13 4 4 4 1 5 5 5 8 4 2 2 1 0 0 12 0 7 7 7 7 7 7 7 7 7 7 7 7 7 7 7 7 7 7 7 7 7 7 7 7 7 7 7 7 7 7 7 7 7 7 7 7 7 7 7 7 7 7 7 7 7 7 7 7 0 
4 5 5 5 2 1 4 4 4 5 5 5 5 13 4 4 4 1 5 5 5 8 4 2 2 1 0 0 12 0 7 7 7 7 7 7 7 7 7 7 7 7 7 7 7 7 7 7 7 7 7 7 7 7 7 7 7 7 7 7 7 7 7 7 7 7 7 7 7 7 7 7 7 7 7 7 7 7 0 0 
5 5 2 1 4 4 4 5 5 5 5 13 4 4 4 1 5 5 5 8 4 2 2 1 0 0 12 0 7 7 7 7 7 7 7 7 7 7 7 7 7 7 7 7 7 7 7 7 7 7 7 7 7 7 7 7 7 7 7 7 7 7 7 7 7 7 7 7 7 7 7 7 7 7 7 7 0 0 0 
2 1 4 4 4 5 5 5 5 13 4 4 4 1 5 5 5 8 4 2 2 1 0 0 12 0 7 7 7 7 7 7 7 7 7 7 7 7 7 7 7 7 7 7 7 7 7 7 7 7 7 7 7 7 7 7 7 7 7 7 7 7 7 7 7 7 7 7 7 7 7 7 7 7 0 0 0 0 12 3 4 
4 4 4 5 5 5 5 13 4 4 4 1 5 5 5 8 4 2 2 1 0 0 12 0 7 7 7 7 7 7 7 7 7 7 7 7 7 7 7 7 7 7 7 7 7 7 7 7 7 7 7 7 7 7 7 7 7 7 7 7 7 7 7 7 7 7 7 7 7 7 7 7 0 0 0 0 12 3 4 5 12 
4 5 5 5 5 13 4 4 4 1 5 5 5 8 4 2 2 1 0 0 12 0 7 7 7 7 7 7 7 7 7 7 7 7 7 7 7 7 7 7 7 7 7 7 7 7 7 7 7 7 7 7 7 7 7 7 7 7 7 7 7 7 7 7 7 7 7 7 7 7 0 0 0 0 12 3 4 5 12 12 
5 5 5 13 4 4 4 1 5 5 5 8 4 2 2 1 0 0 12 0 7 7 7 7 7 7 7 7 7 7 7 7 7 7 7 7 7 7 7 7 7 7 7 7 7 7 7 7 7 7 7 7 7 7 7 7 7 7 7 7 7 7 7 7 7 7 7 7 0 0 0 0 12 3 4 5 12 12 0 
5 13 4 4 4 1 5 5 5 8 4 2 2 1 0 0 12 0 7 7 7 7 7 7 7 7 7 7 7 7 7 7 7 7 7 7 7 7 7 7 7 7 7 7 7 7 7 7 7 7 7 7 7 7 7 7 7 7 7 7 7 7 7 7 7 7 0 0 0 0 12 3 4 5 12 12 0 0 
4 4 4 1 5 5 5 8 4 2 2 1 0 0 12 0 7 7 7 7 7 7 7 7 7 7 7 7 7 7 7 7 7 7 7 7 7 7 7 7 7 7 7 7 7 7 7 7 7 7 7 7 7 7 7 7 7 7 7 7 7 7 7 7 0 0 0 0 12 3 4 5 12 12 0 0 0 
4 1 5 5 5 8 4 2 2 1 0 0 12 0 7 7 7 7 7 7 7 7 7 7 7 7 7 7 7 7 7 7 7 7 7 7 7 7 7 7 7 7 7 7 7 7 7 7 7 7 7 7 7 7 7 7 7 7 7 7 7 7 0 0 0 0 12 3 4 5 12 12 0 0 0 0 5 2 0 
5 5 5 8 4 2 2 1 0 0 12 0 7 7 7 7 7 7 7 7 7 7 7 7 7 7 7 7 7 7 7 7 7 7 7 7 7 7 7 7 7 7 7 7 7 7 7 7 7 7 7 7 7 7 7 7 7 7 7 7 0 0 0 0 12 3 4 5 12 12 0 0 0 0 5 2 0 7 12 
5 8 4 2 2 1 0 0 12 0 7 7 7 7 7 7 7 7 7 7 7 7 7 7 7 7 7 7 7 7 7 7 7 7 7 7 7 7 7 7 7 7 7 7 7 7 7 7 7 7 7 7 7 7 7 7 7 7 0 0 0 0 12 3 4 5 12 12 0 0 0 0 5 2 0 7 12 12 
4 2 2 1 0 0 12 0 7 7 7 7 7 7 7 7 7 7 7 7 7 7 7 7 7 7 7 7 7 7 7 7 7 7 7 7 7 7 7 7 7 7 7 7 7 7 7 7 7 7 7 7 7 7 7 7 0 0 0 0 12 3 4 5 12 12 0 0 0 0 5 2 0 7 12 12 0 
2 1 0 0 12 0 7 7 7 7 7 7 7 7 7 7 7 7 7 7 7 7 7 7 7 7 7 7 7 7 7 7 7 7 7 7 7 7 7 7 7 7 7 7 7 7 7 7 7 7 7 7 7 7 0 0 0 0 12 3 4 5 12 12 0 0 0 0 5 2 0 7 12 12 0 0 
0 0 12 0 7 7 7 7 7 7 7 7 7 7 7 7 7 7 7 7 7 7 7 7 7 7 7 7 7 7 7 7 7 7 7 7 7 7 7 7 7 7 7 7 7 7 7 7 7 7 7 7 0 0 0 0 12 3 4 5 12 12 0 0 0 0 5 2 0 7 12 12 0 0 0 
0 7 7 7 7 7 7 7 7 7 7 7 7 7 7 7 7 7 7 7 7 7 7 7 7 7 7 7 7 7 7 7 7 7 7 7 7 7 7 7 7 7 7 7 7 7 7 7 7 0 0 0 0 12 3 4 5 12 12 0 0 0 0 5 2 0 7 12 12 0 0 0 0 12 3 4 
7 7 7 7 7 7 7 7 7 7 7 7 7 7 7 7 7 7 7 7 7 7 7 7 7 7 7 7 7 7 7 7 7 7 7 7 7 7 7 7 7 7 7 7 7 7 7 7 0 0 0 0 12 3 4 5 12 12 0 0 0 0 5 2 0 7 12 12 0 0 0 0 12 3 4 5 12 
7 7 7 7 7 7 7 7 7 7 7 7 7 7 7 7 7 7 7 7 7 7 7 7 7 7 7 7 7 7 7 7 7 7 7 7 7 7 7 7 7 7 7 7 0 0 0 0 12 3 4 5 12 12 0 0 0 0 5 2 0 7 12 12 0 0 0 0 12 3 4 5 12 12 
7 7 7 7 7 7 7 7 7 7 7 7 7 7 7 7 7 7 7 7 7 7 7 7 7 7 7 7 7 7 7 7 7 7 7 7 7 7 7 7 0 0 0 0 12 3 4 5 12 12 0 0 0 0 5 2 0 7 12 12 0 0 0 0 12 3 4 5 12 12 0 
7 7 7 7 7 7 7 7 7 7 7 7 7 7 7 7 7 7 7 7 7 7 7 7 7 7 7 7 7 7 7 7 7 7 7 7 0 0 0 0 12 3 4 5 12 12 0 0 0 0 5 2 0 7 12 12 0 0 0 0 12 3 4 5 12 12 0 0 
7 7 7 7 7 7 7 7 7 7 7 7 7 7 7 7 7 7 7 7 7 7 7 7 7 7 7 7 7 7 7 7 0 0 0 0 12 3 4 5 12 12 0 0 0 0 5 2 0 7 12 12 0 0 0 0 12 3 4 5 12 12 0 0 0 
7 7 7 7 7 7 7 7 7 7 7 7 7 7 7 7 7 7 7 7 7 7 7 7 7 7 7 7 0 0 0 0 12 3 4 5 12 12 0 0 0 0 5 2 0 7 12 12 0 0 0 0 12 3 4 5 12 12 0 0 0 0 5 2 0 
7 7 7 7 7 7 7 7 7 7 7 7 7 7 7 7 7 7 7 7 7 7 7 7 0 0 0 0 12 3 4 5 12 12 0 0 0 0 5 2 0 7 12 12 0 0 0 0 12 3 4 5 12 12 0 0 0 0 5 2 0 7 12 
7 7 7 7 7 7 7 7 7 7 7 7 7 7 7 7 7 7 7 7 0 0 0 0 12 3 4 5 12 12 0 0 0 0 5 2 0 7 12 12 0 0 0 0 12 3 4 5 12 12 0 0 0 0 5 2 0 7 12 0 5 
7 7 7 7 7 7 7 7 7 7 7 7 7 7 7 7 0 0 0 0 12 3 4 5 12 12 0 0 0 0 5 2 0 7 12 12 0 0 0 0 12 3 4 5 12 12 0 0 0 0 5 2 0 7 12 0 5 5 5 
7 7 7 7 7 7 7 7 7 7 7 7 0 0 0 0 12 3 4 5 12 12 0 0 0 0 5 2 0 7 12 12 0 0 0 0 12 3 4 5 12 12 0 0 0 0 5 2 0 7 12 0 5 5 5 5 7 
7 7 7 7 7 7 7 7 0 0 0 0 12 3 4 5 12 12 0 0 0 0 5 2 0 7 12 12 0 0 0 0 12 3 4 5 12 12 0 0 0 0 5 2 0 7 12 0 5 5 5 5 7 7 5 
7 7 7 7 0 0 0 0 12 3 4 5 12 12 0 0 0 0 5 2 0 7 12 12 0 0 0 0 12 3 4 5 12 12 0 0 0 0 5 2 0 7 12 0 5 5 5 5 7 7 5 5 7 
0 0 0 0 12 3 4 5 12 12 0 0 0 0 5 2 0 7 12 12 0 0 0 0 12 3 4 5 12 12 0 0 0 0 5 2 0 7 12 0 5 5 5 5 7 7 5 5 7 7 5 
0 0 0 12 3 4 5 12 12 0 0 0 0 5 2 0 7 12 12 0 0 0 0 12 3 4 5 12 12 0 0 0 0 5 2 0 7 12 0 5 5 5 5 7 7 5 5 7 7 5 4 4 
0 0 12 3 4 5 12 12 0 0 0 0 5 2 0 7 12 12 0 0 0 0 12 3 4 5 12 12 0 0 0 0 5 2 0 7 12 0 5 5 5 5 7 7 5 5 7 7 5 4 4 5 5 
0 12 3 4 5 12 12 0 0 0 0 5 2 0 7 12 12 0 0 0 0 12 3 4 5 12 12 0 0 0 0 5 2 0 7 12 0 5 5 5 5 7 7 5 5 7 7 5 4 4 5 5 5 5 
12 3 4 5 12 12 0 0 0 0 5 2 0 7 12 12 0 0 0 0 12 3 4 5 12 12 0 0 0 0 5 2 0 7 12 0 5 5 5 5 7 7 5 5 7 7 5 4 4 5 5 5 5 5 5 
12 12 0 0 0 0 5 2 0 7 12 12 0 0 0 0 12 3 4 5 12 12 0 0 0 0 5 2 0 7 12 0 5 5 5 5 7 7 5 5 7 7 5 4 4 5 5 5 5 5 5 5 7 
0 0 0 0 5 2 0 7 12 12 0 0 0 0 12 3 4 5 12 12 0 0 0 0 5 2 0 7 12 0 5 5 5 5 7 7 5 5 7 7 5 4 4 5 5 5 5 5 5 5 7 7 5 
0 0 0 5 2 0 7 12 12 0 0 0 0 12 3 4 5 12 12 0 0 0 0 5 2 0 7 12 0 5 5 5 5 7 7 5 5 7 7 5 4 4 5 5 5 5 5 5 5 7 7 5 
0 0 5 2 0 7 12 12 0 0 0 0 12 3 4 5 12 12 0 0 0 0 5 2 0 7 12 0 5 5 5 5 7 7 5 5 7 7 5 4 4 5 5 5 5 5 5 5 7 7 5 0 
0 5 2 0 7 12 12 0 0 0 0 12 3 4 5 12 12 0 0 0 0 5 2 0 7 12 0 5 5 5 5 7 7 5 5 7 7 5 4 4 5 5 5 5 5 5 5 7 7 5 0 0 
5 2 0 7 12 12 0 0 0 0 12 3 4 5 12 12 0 0 0 0 5 2 0 7 12 0 5 5 5 5 7 7 5 5 7 7 5 4 4 5 5 5 5 5 5 5 7 7 5 0 0 5 12 
12 12 0 0 0 0 12 3 4 5 12 12 0 0 0 0 5 2 0 7 12 0 5 5 5 5 7 7 5 5 7 7 5 4 4 5 5 5 5 5 5 5 7 7 5 0 0 5 12 4 4 
0 0 0 0 12 3 4 5 12 12 0 0 0 0 5 2 0 7 12 0 5 5 5 5 7 7 5 5 7 7 5 4 4 5 5 5 5 5 5 5 7 7 5 0 0 5 12 4 4 4 4 
0 0 0 12 3 4 5 12 12 0 0 0 0 5 2 0 7 12 0 5 5 5 5 7 7 5 5 7 7 5 4 4 5 5 5 5 5 5 5 7 7 5 0 0 5 12 4 4 4 4 5 5 
0 0 12 3 4 5 12 12 0 0 0 0 5 2 0 7 12 0 5 5 5 5 7 7 5 5 7 7 5 4 4 5 5 5 5 5 5 5 7 7 5 0 0 5 12 4 4 4 4 5 5 5 2 
0 12 3 4 5 12 12 0 0 0 0 5 2 0 7 12 0 5 5 5 5 7 7 5 5 7 7 5 4 4 5 5 5 5 5 5 5 7 7 5 0 0 5 12 4 4 4 4 5 5 5 2 1 4 
12 3 4 5 12 12 0 0 0 0 5 2 0 7 12 0 5 5 5 5 7 7 5 5 7 7 5 4 4 5 5 5 5 5 5 5 7 7 5 0 0 5 12 4 4 4 4 5 5 5 2 1 4 4 4 
12 12 0 0 0 0 5 2 0 7 12 0 5 5 5 5 7 7 5 5 7 7 5 4 4 5 5 5 5 5 5 5 7 7 5 0 0 5 12 4 4 4 4 5 5 5 2 1 4 4 4 5 5 5 
0 0 0 0 5 2 0 7 12 0 5 5 5 5 7 7 5 5 7 7 5 4 4 5 5 5 5 5 5 5 7 7 5 0 0 5 12 4 4 4 4 5 5 5 2 1 4 4 4 5 5 5 5 13 
0 0 0 5 2 0 7 12 0 5 5 5 5 7 7 5 5 7 7 5 4 4 5 5 5 5 5 5 5 7 7 5 0 0 5 12 4 4 4 4 5 5 5 2 1 4 4 4 5 5 5 5 13 4 4 
0 0 5 2 0 7 12 0 5 5 5 5 7 7 5 5 7 7 5 4 4 5 5 5 5 5 5 5 7 7 5 0 0 5 12 4 4 4 4 5 5 5 2 1 4 4 4 5 5 5 5 13 4 4 4 1 
0 5 2 0 7 12 0 5 5 5 5 7 7 5 5 7 7 5 4 4 5 5 5 5 5 5 5 7 7 5 0 0 5 12 4 4 4 4 5 5 5 2 1 4 4 4 5 5 5 5 13 4 4 4 1 5 5 
5 2 0 7 12 0 5 5 5 5 7 7 5 5 7 7 5 4 4 5 5 5 5 5 5 5 7 7 5 0 0 5 12 4 4 4 4 5 5 5 2 1 4 4 4 5 5 5 5 13 4 4 4 1 5 5 5 
12 0 5 5 5 5 7 7 5 5 7 7 5 4 4 5 5 5 5 5 5 5 7 7 5 0 0 5 12 4 4 4 4 5 5 5 2 1 4 4 4 5 5 5 5 13 4 4 4 1 5 5 5 8 4 
5 5 5 5 7 7 5 5 7 7 5 4 4 5 5 5 5 5 5 5 7 7 5 0 0 5 12 4 4 4 4 5 5 5 2 1 4 4 4 5 5 5 5 13 4 4 4 1 5 5 5 8 4 2 2 1 
5 5 7 7 5 5 7 7 5 4 4 5 5 5 5 5 5 5 7 7 5 0 0 5 12 4 4 4 4 5 5 5 2 1 4 4 4 5 5 5 5 13 4 4 4 1 5 5 5 8 4 2 2 1 0 0 
7 7 5 5 7 7 5 4 4 5 5 5 5 5 5 5 7 7 5 0 0 5 12 4 4 4 4 5 5 5 2 1 4 4 4 5 5 5 5 13 4 4 4 1 5 5 5 8 4 2 2 1 0 0 12 4 
5 5 7 7 5 4 4 5 5 5 5 5 5 5 7 7 5 0 0 5 12 4 4 4 4 5 5 5 2 1 4 4 4 5 5 5 5 13 4 4 4 1 5 5 5 8 4 2 2 1 0 0 12 4 4 4 
7 7 5 4 4 5 5 5 5 5 5 5 7 7 5 0 0 5 12 4 4 4 4 5 5 5 2 1 4 4 4 5 5 5 5 13 4 4 4 1 5 5 5 8 4 2 2 1 0 0 12 4 4 4 4 5 
5 4 4 5 5 5 5 5 5 5 7 7 5 0 0 5 12 4 4 4 4 5 5 5 2 1 4 4 4 5 5 5 5 13 4 4 4 1 5 5 5 8 4 2 2 1 0 0 12 4 4 4 4 5 5 5 
4 5 5 5 5 5 5 5 7 7 5 0 0 5 12 4 4 4 4 5 5 5 2 1 4 4 4 5 5 5 5 13 4 4 4 1 5 5 5 8 4 2 2 1 0 0 12 4 4 4 4 5 5 5 2 1 
5 5 5 5 5 5 7 7 5 0 0 5 12 4 4 4 4 5 5 5 2 1 4 4 4 5 5 5 5 13 4 4 4 1 5 5 5 8 4 2 2 1 0 0 12 4 4 4 4 5 5 5 2 1 4 4 
5 5 5 5 7 7 5 0 0 5 12 4 4 4 4 5 5 5 2 1 4 4 4 5 5 5 5 13 4 4 4 1 5 5 5 8 4 2 2 1 0 0 12 4 4 4 4 5 5 5 2 1 4 4 4 5 
5 5 7 7 5 0 0 5 12 4 4 4 4 5 5 5 2 1 4 4 4 5 5 5 5 13 4 4 4 1 5 5 5 8 4 2 2 1 0 0 12 4 4 4 4 5 5 5 2 1 4 4 4 5 5 5 
7 7 5 0 0 5 12 4 4 4 4 5 5 5 2 1 4 4 4 5 5 5 5 13 4 4 4 1 5 5 5 8 4 2 2 1 0 0 12 4 4 4 4 5 5 5 2 1 4 4 4 5 5 5 5 13 
5 0 0 5 12 4 4 4 4 5 5 5 2 1 4 4 4 5 5 5 5 13 4 4 4 1 5 5 5 8 4 2 2 1 0 0 12 4 4 4 4 5 5 5 2 1 4 4 4 5 5 5 5 13 4 4 
0 0 5 12 4 4 4 4 5 5 5 2 1 4 4 4 5 5 5 5 13 4 4 4 1 5 5 5 8 4 2 2 1 0 0 12 4 4 4 4 5 5 5 2 1 4 4 4 5 5 5 5 13 4 4 4 1 
0 0 5 12 4 4 4 4 5 5 5 2 1 4 4 4 5 5 5 5 13 4 4 4 1 5 5 5 8 4 2 2 1 0 0 12 4 4 4 4 5 5 5 2 1 4 4 4 5 5 5 5 13 4 4 4 1 5 5 
0 5 12 4 4 4 4 5 5 5 2 1 4 4 4 5 5 5 5 13 4 4 4 1 5 5 5 8 4 2 2 1 0 0 12 4 4 4 4 5 5 5 2 1 4 4 4 5 5 5 5 13 4 4 4 1 5 5 5 
12 4 4 4 4 5 5 5 2 1 4 4 4 5 5 5 5 13 4 4 4 1 5 5 5 8 4 2 2 1 0 0 12 4 4 4 4 5 5 5 2 1 4 4 4 5 5 5 5 13 4 4 4 1 5 5 5 8 4 
4 4 4 5 5 5 2 1 4 4 4 5 5 5 5 13 4 4 4 1 5 5 5 8 4 2 2 1 0 0 12 4 4 4 4 5 5 5 2 1 4 4 4 5 5 5 5 13 4 4 4 1 5 5 5 8 4 2 2 1 
4 5 5 5 2 1 4 4 4 5 5 5 5 13 4 4 4 1 5 5 5 8 4 2 2 1 0 0 12 4 4 4 4 5 5 5 2 1 4 4 4 5 5 5 5 13 4 4 4 1 5 5 5 8 4 2 2 1 0 0 
5 5 2 1 4 4 4 5 5 5 5 13 4 4 4 1 5 5 5 8 4 2 2 1 0 0 12 4 4 4 4 5 5 5 2 1 4 4 4 5 5 5 5 13 4 4 4 1 5 5 5 8 4 2 2 1 0 0 12 
