


















2 3 
2 3 0 
2 3 0 
2 3 0 3 0 
2 3 0 3 0 2 
2 3 0 3 0 2 
2 3 0 3 0 2 0 2 1 
2 3 0 3 0 2 0 2 1 1 
2 3 0 3 0 2 0 2 1 1 
2 3 0 3 0 2 0 2 1 1 4 0 3 
2 3 0 3 0 2 0 2 1 1 4 0 3 0 
2 3 0 3 0 2 0 2 1 1 4 0 3 0 
2 3 0 3 0 2 0 2 1 1 4 0 3 0 2 
2 3 0 3 0 2 0 2 1 1 4 0 3 0 2 9 0 
2 3 0 3 0 2 0 2 1 1 4 0 3 0 2 9 0 2 
2 3 0 3 0 2 0 2 1 1 4 0 3 0 2 9 0 2 
2 3 0 3 0 2 0 2 1 1 4 0 3 0 2 9 0 2 2 1 
2 3 0 3 0 2 0 2 1 1 4 0 3 0 2 9 0 2 2 1 1 2 
2 3 0 3 0 2 0 2 1 1 4 0 3 0 2 9 0 2 2 1 1 2 
2 3 0 3 0 2 0 2 1 1 4 0 3 0 2 9 0 2 2 1 1 2 7 9 1 
2 3 0 3 0 2 0 2 1 1 4 0 3 0 2 9 0 2 2 1 1 2 7 9 1 1 
2 3 0 3 0 2 0 2 1 1 4 0 3 0 2 9 0 2 2 1 1 2 7 9 1 1 
2 3 0 3 0 2 0 2 1 1 4 0 3 0 2 9 0 2 2 1 1 2 7 9 1 1 4 5 
2 3 0 3 0 2 0 2 1 1 4 0 3 0 2 9 0 2 2 1 1 2 7 9 1 1 4 5 1 0 2 
2 3 0 3 0 2 0 2 1 1 4 0 3 0 2 9 0 2 2 1 1 2 7 9 1 1 4 5 1 0 2 
2 3 0 3 0 2 0 2 1 1 4 0 3 0 2 9 0 2 2 1 1 2 7 9 1 1 4 5 1 0 2 
2 3 0 3 0 2 0 2 1 1 4 0 3 0 2 9 0 2 2 1 1 2 7 9 1 1 4 5 1 0 2 2 
2 3 0 3 0 2 0 2 1 1 4 0 3 0 2 9 0 2 2 1 1 2 7 9 1 1 4 5 1 0 2 2 
2 3 0 3 0 2 0 2 1 1 4 0 3 0 2 9 0 2 2 1 1 2 7 9 1 1 4 5 1 0 2 2 
2 3 0 3 0 2 0 2 1 1 4 0 3 0 2 9 0 2 2 1 1 2 7 9 1 1 4 5 1 0 2 2 
0 3 0 2 0 2 1 1 4 0 3 0 2 9 0 2 2 1 1 2 7 9 1 1 4 5 1 0 2 2 
0 2 0 2 1 1 4 0 3 0 2 9 0 2 2 1 1 2 7 9 1 1 4 5 1 0 2 2 
0 2 0 2 1 1 4 0 3 0 2 9 0 2 2 1 1 2 7 9 1 1 4 5 1 0 2 2 
0 2 1 1 4 0 3 0 2 9 0 2 2 1 1 2 7 9 1 1 4 5 1 0 2 2 
2 1 1 4 0 3 0 2 9 0 2 2 1 1 2 7 9 1 1 4 5 1 0 2 2 
2 1 1 4 0 3 0 2 9 0 2 2 1 1 2 7 9 1 1 4 5 1 0 2 2 
4 0 3 0 2 9 0 2 2 1 1 2 7 9 1 1 4 5 1 0 2 2 
0 3 0 2 9 0 2 2 1 1 2 7 9 1 1 4 5 1 0 2 2 
0 3 0 2 9 0 2 2 1 1 2 7 9 1 1 4 5 1 0 2 2 
0 2 9 0 2 2 1 1 2 7 9 1 1 4 5 1 0 2 2 
9 0 2 2 1 1 2 7 9 1 1 4 5 1 0 2 2 
9 0 2 2 1 1 2 7 9 1 1 4 5 1 0 2 2 
9 0 2 2 1 1 2 7 9 1 1 4 5 1 0 2 2 
2 1 1 2 7 9 1 1 4 5 1 0 2 2 
1 1 2 7 9 1 1 4 5 1 0 2 2 
1 1 2 7 9 1 1 4 5 1 0 2 2 
2 7 9 1 1 4 5 1 0 2 2 
9 1 1 4 5 1 0 2 2 
9 1 1 4 5 1 0 2 2 
4 5 1 0 2 2 
5 1 0 2 2 
5 1 0 2 2 
0 2 2 13 
13 0 2 
13 0 2 
13 0 2 2 
13 0 2 2 0 0 2 
13 0 2 2 0 0 2 
13 0 2 2 0 0 2 0 
13 0 2 2 0 0 2 0 2 1 1 
13 0 2 2 0 0 2 0 2 1 1 
13 0 2 2 0 0 2 0 2 1 1 
13 0 2 2 0 0 2 0 2 1 1 4 0 2 
13 0 2 2 0 0 2 0 2 1 1 4 0 2 
13 0 2 2 0 0 2 0 2 1 1 4 0 2 
13 0 2 2 0 0 2 0 2 1 1 4 0 2 2 
13 0 2 2 0 0 2 0 2 1 1 4 0 2 2 0 0 
13 0 2 2 0 0 2 0 2 1 1 4 0 2 2 0 0 1 
13 0 2 2 0 0 2 0 2 1 1 4 0 2 2 0 0 1 
13 0 2 2 0 0 2 0 2 1 1 4 0 2 2 0 0 1 1 1 1 
13 0 2 2 0 0 2 0 2 1 1 4 0 2 2 0 0 1 1 1 1 2 
13 0 2 2 0 0 2 0 2 1 1 4 0 2 2 0 0 1 1 1 1 2 
13 0 2 2 0 0 2 0 2 1 1 4 0 2 2 0 0 1 1 1 1 2 0 3 
13 0 2 2 0 0 2 0 2 1 1 4 0 2 2 0 0 1 1 1 1 2 0 3 1 
13 0 2 2 0 0 2 0 2 1 1 4 0 2 2 0 0 1 1 1 1 2 0 3 1 4 
13 0 2 2 0 0 2 0 2 1 1 4 0 2 2 0 0 1 1 1 1 2 0 3 1 4 0 5 
13 0 2 2 0 0 2 0 2 1 1 4 0 2 2 0 0 1 1 1 1 2 0 3 1 4 0 5 1 0 2 
13 0 2 2 0 0 2 0 2 1 1 4 0 2 2 0 0 1 1 1 1 2 0 3 1 4 0 5 1 0 2 
13 0 2 2 0 0 2 0 2 1 1 4 0 2 2 0 0 1 1 1 1 2 0 3 1 4 0 5 1 0 2 
13 0 2 2 0 0 2 0 2 1 1 4 0 2 2 0 0 1 1 1 1 2 0 3 1 4 0 5 1 0 2 2 
13 0 2 2 0 0 2 0 2 1 1 4 0 2 2 0 0 1 1 1 1 2 0 3 1 4 0 5 1 0 2 2 
13 0 2 2 0 0 2 0 2 1 1 4 0 2 2 0 0 1 1 1 1 2 0 3 1 4 0 5 1 0 2 2 
0 2 2 0 0 2 0 2 1 1 4 0 2 2 0 0 1 1 1 1 2 0 3 1 4 0 5 1 0 2 2 
0 0 2 0 2 1 1 4 0 2 2 0 0 1 1 1 1 2 0 3 1 4 0 5 1 0 2 2 
0 0 2 0 2 1 1 4 0 2 2 0 0 1 1 1 1 2 0 3 1 4 0 5 1 0 2 2 
0 0 2 0 2 1 1 4 0 2 2 0 0 1 1 1 1 2 0 3 1 4 0 5 1 0 2 2 
2 1 1 4 0 2 2 0 0 1 1 1 1 2 0 3 1 4 0 5 1 0 2 2 
2 1 1 4 0 2 2 0 0 1 1 1 1 2 0 3 1 4 0 5 1 0 2 2 
2 1 1 4 0 2 2 0 0 1 1 1 1 2 0 3 1 4 0 5 1 0 2 2 
0 2 2 0 0 1 1 1 1 2 0 3 1 4 0 5 1 0 2 2 
0 2 2 0 0 1 1 1 1 2 0 3 1 4 0 5 1 0 2 2 
0 2 2 0 0 1 1 1 1 2 0 3 1 4 0 5 1 0 2 2 
0 0 1 1 1 1 2 0 3 1 4 0 5 1 0 2 2 
0 0 1 1 1 1 2 0 3 1 4 0 5 1 0 2 2 
0 0 1 1 1 1 2 0 3 1 4 0 5 1 0 2 2 
0 1 1 1 1 2 0 3 1 4 0 5 1 0 2 2 
1 1 1 2 0 3 1 4 0 5 1 0 2 2 
1 1 2 0 3 1 4 0 5 1 0 2 2 
1 1 2 0 3 1 4 0 5 1 0 2 2 
0 3 1 4 0 5 1 0 2 2 
3 1 4 0 5 1 0 2 2 
3 1 4 0 5 1 0 2 2 
4 0 5 1 0 2 2 
0 5 1 0 2 2 
0 5 1 0 2 2 
0 2 2 



























































