0 0 2 1 2 0 2 2 5 6 4 7 1 4 0 0 6 6 4 7 1 4 4 10 6 4 7 1 4 4 10 6 4 7 1 4 4 10 6 4 7 1 4 0 0 6 6 4 7 1 4 4 10 6 4 7 1 4 4 10 6 4 7 1 4 4 10 6 4 7 1 4 0 0 6 6 4 7 1 4 4 10 6 4 7 1 4 4 10 6 4 7 1 4 4 10 6 4 7 1 4 0 0 6 6 4 7 1 4 4 10 6 4 7 1 4 4 7 6 9 6 3 6 2 3 3 4 6 7 4 3 6 2 3 3 7 6 4 7 1 4 0 0 6 6 4 7 1 4 4 10 6 4 7 1 4 4 10 6 4 7 1 4 4 10 6 4 7 1 4 0 0 6 6 4 7 1 4 4 10 6 4 7 1 4 4 10 6 4 7 1 4 4 10 6 4 
0 0 2 1 2 0 2 2 5 6 4 7 1 4 0 0 6 6 4 7 1 4 4 10 6 4 7 1 4 4 10 6 4 7 1 4 4 10 6 4 7 1 4 0 0 6 6 4 7 1 4 4 10 6 4 7 1 4 4 10 6 4 7 1 4 4 10 6 4 7 1 4 0 0 6 6 4 7 1 4 4 10 6 4 7 1 4 4 10 6 4 7 1 4 4 10 6 4 7 1 4 0 0 6 6 4 7 1 4 4 10 6 4 7 1 4 4 7 6 9 6 3 6 2 3 3 4 6 7 4 3 6 2 3 3 7 6 4 7 1 4 0 0 6 6 4 7 1 4 4 10 6 4 7 1 4 4 10 6 4 7 1 4 4 10 6 4 7 1 4 0 0 6 6 4 7 1 4 4 10 6 4 7 1 4 4 10 6 4 7 1 4 4 10 6 4 7 1 4 0 0 6 6 4 
0 0 2 1 2 0 2 2 5 6 4 7 1 4 0 0 6 6 4 7 1 4 4 10 6 4 7 1 4 4 10 6 4 7 1 4 4 10 6 4 7 1 4 0 0 6 6 4 7 1 4 4 10 6 4 7 1 4 4 10 6 4 7 1 4 4 10 6 4 7 1 4 0 0 6 6 4 7 1 4 4 10 6 4 7 1 4 4 10 6 4 7 1 4 4 10 6 4 7 1 4 0 0 6 6 4 7 1 4 4 10 6 4 7 1 4 4 7 6 9 6 3 6 2 3 3 4 6 7 4 3 6 2 3 3 7 6 4 7 1 4 0 0 6 6 4 7 1 4 4 10 6 4 7 1 4 4 10 6 4 7 1 4 4 10 6 4 7 1 4 0 0 6 6 4 7 1 4 4 10 6 4 7 1 4 4 10 6 4 7 1 4 4 10 6 4 7 1 4 0 0 6 6 4 7 1 4 4 10 6 4 
0 0 2 1 2 0 2 2 5 6 4 7 1 4 0 0 6 6 4 7 1 4 4 10 6 4 7 1 4 4 10 6 4 7 1 4 4 10 6 4 7 1 4 0 0 6 6 4 7 1 4 4 10 6 4 7 1 4 4 10 6 4 7 1 4 4 10 6 4 7 1 4 0 0 6 6 4 7 1 4 4 10 6 4 7 1 4 4 10 6 4 7 1 4 4 10 6 4 7 1 4 0 0 6 6 4 7 1 4 4 10 6 4 7 1 4 4 7 6 9 6 3 6 2 3 3 4 6 7 4 3 6 2 3 3 7 6 4 7 1 4 0 0 6 6 4 7 1 4 4 10 6 4 7 1 4 4 10 6 4 7 1 4 4 10 6 4 7 1 4 0 0 6 6 4 7 1 4 4 10 6 4 7 1 4 4 10 6 4 7 1 4 4 10 6 4 7 1 4 0 0 6 6 4 7 1 4 4 10 6 4 7 1 4 4 10 6 4 
0 0 2 1 2 0 2 2 5 6 4 7 1 4 0 0 6 6 4 7 1 4 4 10 6 4 7 1 4 4 10 6 4 7 1 4 4 10 6 4 7 1 4 0 0 6 6 4 7 1 4 4 10 6 4 7 1 4 4 10 6 4 7 1 4 4 10 6 4 7 1 4 0 0 6 6 4 7 1 4 4 10 6 4 7 1 4 4 10 6 4 7 1 4 4 10 6 4 7 1 4 0 0 6 6 4 7 1 4 4 10 6 4 7 1 4 4 7 6 9 6 3 6 2 3 3 4 6 7 4 3 6 2 3 3 7 6 4 7 1 4 0 0 6 6 4 7 1 4 4 10 6 4 7 1 4 4 10 6 4 7 1 4 4 10 6 4 7 1 4 0 0 6 6 4 7 1 4 4 10 6 4 7 1 4 4 10 6 4 7 1 4 4 10 6 4 7 1 4 0 0 6 6 4 7 1 4 4 10 6 4 7 1 4 4 10 6 4 7 1 4 4 10 6 
2 2 5 6 4 7 1 4 0 0 6 6 4 7 1 4 4 10 6 4 7 1 4 4 10 6 4 7 1 4 4 10 6 4 7 1 4 0 0 6 6 4 7 1 4 4 10 6 4 7 1 4 4 10 6 4 7 1 4 4 10 6 4 7 1 4 0 0 6 6 4 7 1 4 4 10 6 4 7 1 4 4 10 6 4 7 1 4 4 10 6 4 7 1 4 0 0 6 6 4 7 1 4 4 10 6 4 7 1 4 4 7 6 9 6 3 6 2 3 3 4 6 7 4 3 6 2 3 3 7 6 4 7 1 4 0 0 6 6 4 7 1 4 4 10 6 4 7 1 4 4 10 6 4 7 1 4 4 10 6 4 7 1 4 0 0 6 6 4 7 1 4 4 10 6 4 7 1 4 4 10 6 4 7 1 4 4 10 6 4 7 1 4 0 0 6 6 4 7 1 4 4 10 6 4 7 1 4 4 10 6 4 7 1 4 4 10 6 4 7 1 4 0 0 6 6 
0 0 6 6 4 7 1 4 4 10 6 4 7 1 4 4 10 6 4 7 1 4 4 10 6 4 7 1 4 0 0 6 6 4 7 1 4 4 10 6 4 7 1 4 4 10 6 4 7 1 4 4 10 6 4 7 1 4 0 0 6 6 4 7 1 4 4 10 6 4 7 1 4 4 10 6 4 7 1 4 4 10 6 4 7 1 4 0 0 6 6 4 7 1 4 4 10 6 4 7 1 4 4 7 6 9 6 3 6 2 3 3 4 6 7 4 3 6 2 3 3 7 6 4 7 1 4 0 0 6 6 4 7 1 4 4 10 6 4 7 1 4 4 10 6 4 7 1 4 4 10 6 4 7 1 4 0 0 6 6 4 7 1 4 4 10 6 4 7 1 4 4 10 6 4 7 1 4 4 10 6 4 7 1 4 0 0 6 6 4 7 1 4 4 10 6 4 7 1 4 4 10 6 4 7 1 4 4 10 6 4 7 1 4 0 0 6 6 4 7 1 4 4 10 6 
4 10 6 4 7 1 4 4 10 6 4 7 1 4 4 10 6 4 7 1 4 0 0 6 6 4 7 1 4 4 10 6 4 7 1 4 4 10 6 4 7 1 4 4 10 6 4 7 1 4 0 0 6 6 4 7 1 4 4 10 6 4 7 1 4 4 10 6 4 7 1 4 4 10 6 4 7 1 4 0 0 6 6 4 7 1 4 4 10 6 4 7 1 4 4 7 6 9 6 3 6 2 3 3 4 6 7 4 3 6 2 3 3 7 6 4 7 1 4 0 0 6 6 4 7 1 4 4 10 6 4 7 1 4 4 10 6 4 7 1 4 4 10 6 4 7 1 4 0 0 6 6 4 7 1 4 4 10 6 4 7 1 4 4 10 6 4 7 1 4 4 10 6 4 7 1 4 0 0 6 6 4 7 1 4 4 10 6 4 7 1 4 4 10 6 4 7 1 4 4 10 6 4 7 1 4 0 0 6 6 4 7 1 4 4 10 6 4 7 1 4 4 10 6 3 
4 10 6 4 7 1 4 4 10 6 4 7 1 4 0 0 6 6 4 7 1 4 4 10 6 4 7 1 4 4 10 6 4 7 1 4 4 10 6 4 7 1 4 0 0 6 6 4 7 1 4 4 10 6 4 7 1 4 4 10 6 4 7 1 4 4 10 6 4 7 1 4 0 0 6 6 4 7 1 4 4 10 6 4 7 1 4 4 7 6 9 6 3 6 2 3 3 4 6 7 4 3 6 2 3 3 7 6 4 7 1 4 0 0 6 6 4 7 1 4 4 10 6 4 7 1 4 4 10 6 4 7 1 4 4 10 6 4 7 1 4 0 0 6 6 4 7 1 4 4 10 6 4 7 1 4 4 10 6 4 7 1 4 4 10 6 4 7 1 4 0 0 6 6 4 7 1 4 4 10 6 4 7 1 4 4 10 6 4 7 1 4 4 10 6 4 7 1 4 0 0 6 6 4 7 1 4 4 10 6 4 7 1 4 4 10 6 3 2 3 3 4 4 5 4 4 10 6 
4 10 6 4 7 1 4 0 0 6 6 4 7 1 4 4 10 6 4 7 1 4 4 10 6 4 7 1 4 4 10 6 4 7 1 4 0 0 6 6 4 7 1 4 4 10 6 4 7 1 4 4 10 6 4 7 1 4 4 10 6 4 7 1 4 0 0 6 6 4 7 1 4 4 10 6 4 7 1 4 4 7 6 9 6 3 6 2 3 3 4 6 7 4 3 6 2 3 3 7 6 4 7 1 4 0 0 6 6 4 7 1 4 4 10 6 4 7 1 4 4 10 6 4 7 1 4 4 10 6 4 7 1 4 0 0 6 6 4 7 1 4 4 10 6 4 7 1 4 4 10 6 4 7 1 4 4 10 6 4 7 1 4 0 0 6 6 4 7 1 4 4 10 6 4 7 1 4 4 10 6 4 7 1 4 4 10 6 4 7 1 4 0 0 6 6 4 7 1 4 4 10 6 4 7 1 4 4 10 6 3 2 3 3 4 4 5 4 4 10 6 4 7 1 4 0 0 6 6 
0 0 6 6 4 7 1 4 4 10 6 4 7 1 4 4 10 6 4 7 1 4 4 10 6 4 7 1 4 0 0 6 6 4 7 1 4 4 10 6 4 7 1 4 4 10 6 4 7 1 4 4 10 6 4 7 1 4 0 0 6 6 4 7 1 4 4 10 6 4 7 1 4 4 7 6 9 6 3 6 2 3 3 4 6 7 4 3 6 2 3 3 7 6 4 7 1 4 0 0 6 6 4 7 1 4 4 10 6 4 7 1 4 4 10 6 4 7 1 4 4 10 6 4 7 1 4 0 0 6 6 4 7 1 4 4 10 6 4 7 1 4 4 10 6 4 7 1 4 4 10 6 4 7 1 4 0 0 6 6 4 7 1 4 4 10 6 4 7 1 4 4 10 6 4 7 1 4 4 10 6 4 7 1 4 0 0 6 6 4 7 1 4 4 10 6 4 7 1 4 4 10 6 3 2 3 3 4 4 5 4 4 10 6 4 7 1 4 0 0 6 6 4 7 1 4 4 10 6 
4 10 6 4 7 1 4 4 10 6 4 7 1 4 4 10 6 4 7 1 4 0 0 6 6 4 7 1 4 4 10 6 4 7 1 4 4 10 6 4 7 1 4 4 10 6 4 7 1 4 0 0 6 6 4 7 1 4 4 10 6 4 7 1 4 4 7 6 9 6 3 6 2 3 3 4 6 7 4 3 6 2 3 3 7 6 4 7 1 4 0 0 6 6 4 7 1 4 4 10 6 4 7 1 4 4 10 6 4 7 1 4 4 10 6 4 7 1 4 0 0 6 6 4 7 1 4 4 10 6 4 7 1 4 4 10 6 4 7 1 4 4 10 6 4 7 1 4 0 0 6 6 4 7 1 4 4 10 6 4 7 1 4 4 10 6 4 7 1 4 4 10 6 4 7 1 4 0 0 6 6 4 7 1 4 4 10 6 4 7 1 4 4 10 6 3 2 3 3 4 4 5 4 4 10 6 4 7 1 4 0 0 6 6 4 7 1 4 4 10 6 4 7 1 4 4 10 6 
4 10 6 4 7 1 4 4 10 6 4 7 1 4 0 0 6 6 4 7 1 4 4 10 6 4 7 1 4 4 10 6 4 7 1 4 4 10 6 4 7 1 4 0 0 6 6 4 7 1 4 4 10 6 4 7 1 4 4 7 6 9 6 3 6 2 3 3 4 6 7 4 3 6 2 3 3 7 6 4 7 1 4 0 0 6 6 4 7 1 4 4 10 6 4 7 1 4 4 10 6 4 7 1 4 4 10 6 4 7 1 4 0 0 6 6 4 7 1 4 4 10 6 4 7 1 4 4 10 6 4 7 1 4 4 10 6 4 7 1 4 0 0 6 6 4 7 1 4 4 10 6 4 7 1 4 4 10 6 4 7 1 4 4 10 6 4 7 1 4 0 0 6 6 4 7 1 4 4 10 6 4 7 1 4 4 10 6 3 2 3 3 4 4 5 4 4 10 6 4 7 1 4 0 0 6 6 4 7 1 4 4 10 6 4 7 1 4 4 10 6 4 7 1 4 4 10 6 
4 10 6 4 7 1 4 0 0 6 6 4 7 1 4 4 10 6 4 7 1 4 4 10 6 4 7 1 4 4 10 6 4 7 1 4 0 0 6 6 4 7 1 4 4 10 6 4 7 1 4 4 7 6 9 6 3 6 2 3 3 4 6 7 4 3 6 2 3 3 7 6 4 7 1 4 0 0 6 6 4 7 1 4 4 10 6 4 7 1 4 4 10 6 4 7 1 4 4 10 6 4 7 1 4 0 0 6 6 4 7 1 4 4 10 6 4 7 1 4 4 10 6 4 7 1 4 4 10 6 4 7 1 4 0 0 6 6 4 7 1 4 4 10 6 4 7 1 4 4 10 6 4 7 1 4 4 10 6 4 7 1 4 0 0 6 6 4 7 1 4 4 10 6 4 7 1 4 4 10 6 3 2 3 3 4 4 5 4 4 10 6 4 7 1 4 0 0 6 6 4 7 1 4 4 10 6 4 7 1 4 4 10 6 4 7 1 4 4 10 6 4 7 1 4 0 0 6 6 
0 0 6 6 4 7 1 4 4 10 6 4 7 1 4 4 10 6 4 7 1 4 4 10 6 4 7 1 4 0 0 6 6 4 7 1 4 4 10 6 4 7 1 4 4 7 6 9 6 3 6 2 3 3 4 6 7 4 3 6 2 3 3 7 6 4 7 1 4 0 0 6 6 4 7 1 4 4 10 6 4 7 1 4 4 10 6 4 7 1 4 4 10 6 4 7 1 4 0 0 6 6 4 7 1 4 4 10 6 4 7 1 4 4 10 6 4 7 1 4 4 10 6 4 7 1 4 0 0 6 6 4 7 1 4 4 10 6 4 7 1 4 4 10 6 4 7 1 4 4 10 6 4 7 1 4 0 0 6 6 4 7 1 4 4 10 6 4 7 1 4 4 10 6 3 2 3 3 4 4 5 4 4 10 6 4 7 1 4 0 0 6 6 4 7 1 4 4 10 6 4 7 1 4 4 10 6 4 7 1 4 4 10 6 4 7 1 4 0 0 6 6 4 7 1 4 4 10 6 
4 10 6 4 7 1 4 4 10 6 4 7 1 4 4 10 6 4 7 1 4 0 0 6 6 4 7 1 4 4 10 6 4 7 1 4 4 7 6 9 6 3 6 2 3 3 4 6 7 4 3 6 2 3 3 7 6 4 7 1 4 0 0 6 6 4 7 1 4 4 10 6 4 7 1 4 4 10 6 4 7 1 4 4 10 6 4 7 1 4 0 0 6 6 4 7 1 4 4 10 6 4 7 1 4 4 10 6 4 7 1 4 4 10 6 4 7 1 4 0 0 6 6 4 7 1 4 4 10 6 4 7 1 4 4 10 6 4 7 1 4 4 10 6 4 7 1 4 0 0 6 6 4 7 1 4 4 10 6 4 7 1 4 4 10 6 3 2 3 3 4 4 5 4 4 10 6 4 7 1 4 0 0 6 6 4 7 1 4 4 10 6 4 7 1 4 4 10 6 4 7 1 4 4 10 6 4 7 1 4 0 0 6 6 4 7 1 4 4 10 6 4 7 1 4 3 1 1 6 6 9 6 
4 10 6 4 7 1 4 4 10 6 4 7 1 4 0 0 6 6 4 7 1 4 4 10 6 4 7 1 4 4 7 6 9 6 3 6 2 3 3 4 6 7 4 3 6 2 3 3 7 6 4 7 1 4 0 0 6 6 4 7 1 4 4 10 6 4 7 1 4 4 10 6 4 7 1 4 4 10 6 4 7 1 4 0 0 6 6 4 7 1 4 4 10 6 4 7 1 4 4 10 6 4 7 1 4 4 10 6 4 7 1 4 0 0 6 6 4 7 1 4 4 10 6 4 7 1 4 4 10 6 4 7 1 4 4 10 6 4 7 1 4 0 0 6 6 4 7 1 4 4 10 6 4 7 1 4 4 10 6 3 2 3 3 4 4 5 4 4 10 6 4 7 1 4 0 0 6 6 4 7 1 4 4 10 6 4 7 1 4 4 10 6 4 7 1 4 4 10 6 4 7 1 4 0 0 6 6 4 7 1 4 4 10 6 4 7 1 4 3 1 1 6 6 9 6 3 6 2 3 3 4 6 7 4 3 6 2 3 3 7 6 
4 10 6 4 7 1 4 0 0 6 6 4 7 1 4 4 10 6 4 7 1 4 4 7 6 9 6 3 6 2 3 3 4 6 7 4 3 6 2 3 3 7 6 4 7 1 4 0 0 6 6 4 7 1 4 4 10 6 4 7 1 4 4 10 6 4 7 1 4 4 10 6 4 7 1 4 0 0 6 6 4 7 1 4 4 10 6 4 7 1 4 4 10 6 4 7 1 4 4 10 6 4 7 1 4 0 0 6 6 4 7 1 4 4 10 6 4 7 1 4 4 10 6 4 7 1 4 4 10 6 4 7 1 4 0 0 6 6 4 7 1 4 4 10 6 4 7 1 4 4 10 6 3 2 3 3 4 4 5 4 4 10 6 4 7 1 4 0 0 6 6 4 7 1 4 4 10 6 4 7 1 4 4 10 6 4 7 1 4 4 10 6 4 7 1 4 0 0 6 6 4 7 1 4 4 10 6 4 7 1 4 3 1 1 6 6 9 6 3 6 2 3 3 4 6 7 4 3 6 2 3 3 7 6 4 7 1 4 0 0 6 6 
0 0 6 6 4 7 1 4 4 10 6 4 7 1 4 4 7 6 9 6 3 6 2 3 3 4 6 7 4 3 6 2 3 3 7 6 4 7 1 4 0 0 6 6 4 7 1 4 4 10 6 4 7 1 4 4 10 6 4 7 1 4 4 10 6 4 7 1 4 0 0 6 6 4 7 1 4 4 10 6 4 7 1 4 4 10 6 4 7 1 4 4 10 6 4 7 1 4 0 0 6 6 4 7 1 4 4 10 6 4 7 1 4 4 10 6 4 7 1 4 4 10 6 4 7 1 4 0 0 6 6 4 7 1 4 4 10 6 4 7 1 4 4 10 6 3 2 3 3 4 4 5 4 4 10 6 4 7 1 4 0 0 6 6 4 7 1 4 4 10 6 4 7 1 4 4 10 6 4 7 1 4 4 10 6 4 7 1 4 0 0 6 6 4 7 1 4 4 10 6 4 7 1 4 3 1 1 6 6 9 6 3 6 2 3 3 4 6 7 4 3 6 2 3 3 7 6 4 7 1 4 0 0 6 6 4 7 1 4 4 10 6 
4 10 6 4 7 1 4 4 7 6 9 6 3 6 2 3 3 4 6 7 4 3 6 2 3 3 7 6 4 7 1 4 0 0 6 6 4 7 1 4 4 10 6 4 7 1 4 4 10 6 4 7 1 4 4 10 6 4 7 1 4 0 0 6 6 4 7 1 4 4 10 6 4 7 1 4 4 10 6 4 7 1 4 4 10 6 4 7 1 4 0 0 6 6 4 7 1 4 4 10 6 4 7 1 4 4 10 6 4 7 1 4 4 10 6 4 7 1 4 0 0 6 6 4 7 1 4 4 10 6 4 7 1 4 4 10 6 3 2 3 3 4 4 5 4 4 10 6 4 7 1 4 0 0 6 6 4 7 1 4 4 10 6 4 7 1 4 4 10 6 4 7 1 4 4 10 6 4 7 1 4 0 0 6 6 4 7 1 4 4 10 6 4 7 1 4 3 1 1 6 6 9 6 3 6 2 3 3 4 6 7 4 3 6 2 3 3 7 6 4 7 1 4 0 0 6 6 4 7 1 4 4 10 6 4 7 1 4 4 
7 1 4 4 7 6 9 6 3 6 2 3 3 4 6 7 4 3 6 2 3 3 7 6 4 7 1 4 0 0 6 6 4 7 1 4 4 10 6 4 7 1 4 4 10 6 4 7 1 4 4 10 6 4 7 1 4 0 0 6 6 4 7 1 4 4 10 6 4 7 1 4 4 10 6 4 7 1 4 4 10 6 4 7 1 4 0 0 6 6 4 7 1 4 4 10 6 4 7 1 4 4 10 6 4 7 1 4 4 10 6 4 7 1 4 0 0 6 6 4 7 1 4 4 10 6 4 7 1 4 4 10 6 3 2 3 3 4 4 5 4 4 10 6 4 7 1 4 0 0 6 6 4 7 1 4 4 10 6 4 7 1 4 4 10 6 4 7 1 4 4 10 6 4 7 1 4 0 0 6 6 4 7 1 4 4 10 6 4 7 1 4 3 1 1 6 6 9 6 3 6 2 3 3 4 6 7 4 3 6 2 3 3 7 6 4 7 1 4 0 0 6 6 4 7 1 4 4 10 6 4 7 1 4 4 10 6 4 7 1 4 4 
4 6 7 4 3 6 2 3 3 7 6 4 7 1 4 0 0 6 6 4 7 1 4 4 10 6 4 7 1 4 4 10 6 4 7 1 4 4 10 6 4 7 1 4 0 0 6 6 4 7 1 4 4 10 6 4 7 1 4 4 10 6 4 7 1 4 4 10 6 4 7 1 4 0 0 6 6 4 7 1 4 4 10 6 4 7 1 4 4 10 6 4 7 1 4 4 10 6 4 7 1 4 0 0 6 6 4 7 1 4 4 10 6 4 7 1 4 4 10 6 3 2 3 3 4 4 5 4 4 10 6 4 7 1 4 0 0 6 6 4 7 1 4 4 10 6 4 7 1 4 4 10 6 4 7 1 4 4 10 6 4 7 1 4 0 0 6 6 4 7 1 4 4 10 6 4 7 1 4 3 1 1 6 6 9 6 3 6 2 3 3 4 6 7 4 3 6 2 3 3 7 6 4 7 1 4 0 0 6 6 4 7 1 4 4 10 6 4 7 1 4 4 10 6 4 7 1 4 4 10 6 4 7 1 4 0 0 
7 1 4 0 0 6 6 4 7 1 4 4 10 6 4 7 1 4 4 10 6 4 7 1 4 4 10 6 4 7 1 4 0 0 6 6 4 7 1 4 4 10 6 4 7 1 4 4 10 6 4 7 1 4 4 10 6 4 7 1 4 0 0 6 6 4 7 1 4 4 10 6 4 7 1 4 4 10 6 4 7 1 4 4 10 6 4 7 1 4 0 0 6 6 4 7 1 4 4 10 6 4 7 1 4 4 10 6 3 2 3 3 4 4 5 4 4 10 6 4 7 1 4 0 0 6 6 4 7 1 4 4 10 6 4 7 1 4 4 10 6 4 7 1 4 4 10 6 4 7 1 4 0 0 6 6 4 7 1 4 4 10 6 4 7 1 4 3 1 1 6 6 9 6 3 6 2 3 3 4 6 7 4 3 6 2 3 3 7 6 4 7 1 4 0 0 6 6 4 7 1 4 4 10 6 4 7 1 4 4 10 6 4 7 1 4 4 10 6 4 7 1 4 0 0 6 6 4 7 1 4 4 
7 1 4 4 10 6 4 7 1 4 4 10 6 4 7 1 4 4 10 6 4 7 1 4 0 0 6 6 4 7 1 4 4 10 6 4 7 1 4 4 10 6 4 7 1 4 4 10 6 4 7 1 4 0 0 6 6 4 7 1 4 4 10 6 4 7 1 4 4 10 6 4 7 1 4 4 10 6 4 7 1 4 0 0 6 6 4 7 1 4 4 10 6 4 7 1 4 4 10 6 3 2 3 3 4 4 5 4 4 10 6 4 7 1 4 0 0 6 6 4 7 1 4 4 10 6 4 7 1 4 4 10 6 4 7 1 4 4 10 6 4 7 1 4 0 0 6 6 4 7 1 4 4 10 6 4 7 1 4 3 1 1 6 6 9 6 3 6 2 3 3 4 6 7 4 3 6 2 3 3 7 6 4 7 1 4 0 0 6 6 4 7 1 4 4 10 6 4 7 1 4 4 10 6 4 7 1 4 4 10 6 4 7 1 4 0 0 6 6 4 7 1 4 4 10 6 4 7 1 4 4 
7 1 4 4 10 6 4 7 1 4 4 10 6 4 7 1 4 0 0 6 6 4 7 1 4 4 10 6 4 7 1 4 4 10 6 4 7 1 4 4 10 6 4 7 1 4 0 0 6 6 4 7 1 4 4 10 6 4 7 1 4 4 10 6 4 7 1 4 4 10 6 4 7 1 4 0 0 6 6 4 7 1 4 4 10 6 4 7 1 4 4 10 6 3 2 3 3 4 4 5 4 4 10 6 4 7 1 4 0 0 6 6 4 7 1 4 4 10 6 4 7 1 4 4 10 6 4 7 1 4 4 10 6 4 7 1 4 0 0 6 6 4 7 1 4 4 10 6 4 7 1 4 3 1 1 6 6 9 6 3 6 2 3 3 4 6 7 4 3 6 2 3 3 7 6 4 7 1 4 0 0 6 6 4 7 1 4 4 10 6 4 7 1 4 4 10 6 4 7 1 4 4 10 6 4 7 1 4 0 0 6 6 4 7 1 4 4 10 6 4 7 1 4 4 10 6 4 7 1 4 4 
7 1 4 4 10 6 4 7 1 4 0 0 6 6 4 7 1 4 4 10 6 4 7 1 4 4 10 6 4 7 1 4 4 10 6 4 7 1 4 0 0 6 6 4 7 1 4 4 10 6 4 7 1 4 4 10 6 4 7 1 4 4 10 6 4 7 1 4 0 0 6 6 4 7 1 4 4 10 6 4 7 1 4 4 10 6 3 2 3 3 4 4 5 4 4 10 6 4 7 1 4 0 0 6 6 4 7 1 4 4 10 6 4 7 1 4 4 10 6 4 7 1 4 4 10 6 4 7 1 4 0 0 6 6 4 7 1 4 4 10 6 4 7 1 4 3 1 1 6 6 9 6 3 6 2 3 3 4 6 7 4 3 6 2 3 3 7 6 4 7 1 4 0 0 6 6 4 7 1 4 4 10 6 4 7 1 4 4 10 6 4 7 1 4 4 10 6 4 7 1 4 0 0 6 6 4 7 1 4 4 10 6 4 7 1 4 4 10 6 4 7 1 4 4 10 6 4 7 1 4 0 0 
7 1 4 0 0 6 6 4 7 1 4 4 10 6 4 7 1 4 4 10 6 4 7 1 4 4 10 6 4 7 1 4 0 0 6 6 4 7 1 4 4 10 6 4 7 1 4 4 10 6 4 7 1 4 4 10 6 4 7 1 4 0 0 6 6 4 7 1 4 4 10 6 4 7 1 4 4 10 6 3 2 3 3 4 4 5 4 4 10 6 4 7 1 4 0 0 6 6 4 7 1 4 4 10 6 4 7 1 4 4 10 6 4 7 1 4 4 10 6 4 7 1 4 0 0 6 6 4 7 1 4 4 10 6 4 7 1 4 3 1 1 6 6 9 6 3 6 2 3 3 4 6 7 4 3 6 2 3 3 7 6 4 7 1 4 0 0 6 6 4 7 1 4 4 10 6 4 7 1 4 4 10 6 4 7 1 4 4 10 6 4 7 1 4 0 0 6 6 4 7 1 4 4 10 6 4 7 1 4 4 10 6 4 7 1 4 4 10 6 4 7 1 4 0 0 6 6 4 7 1 4 4 
7 1 4 4 10 6 4 7 1 4 4 10 6 4 7 1 4 4 10 6 4 7 1 4 0 0 6 6 4 7 1 4 4 10 6 4 7 1 4 4 10 6 4 7 1 4 4 10 6 4 7 1 4 0 0 6 6 4 7 1 4 4 10 6 4 7 1 4 4 10 6 3 2 3 3 4 4 5 4 4 10 6 4 7 1 4 0 0 6 6 4 7 1 4 4 10 6 4 7 1 4 4 10 6 4 7 1 4 4 10 6 4 7 1 4 0 0 6 6 4 7 1 4 4 10 6 4 7 1 4 3 1 1 6 6 9 6 3 6 2 3 3 4 6 7 4 3 6 2 3 3 7 6 4 7 1 4 0 0 6 6 4 7 1 4 4 10 6 4 7 1 4 4 10 6 4 7 1 4 4 10 6 4 7 1 4 0 0 6 6 4 7 1 4 4 10 6 4 7 1 4 4 10 6 4 7 1 4 4 10 6 4 7 1 4 0 0 6 6 4 7 1 4 4 10 6 4 7 1 4 4 
7 1 4 4 10 6 4 7 1 4 4 10 6 4 7 1 4 0 0 6 6 4 7 1 4 4 10 6 4 7 1 4 4 10 6 4 7 1 4 4 10 6 4 7 1 4 0 0 6 6 4 7 1 4 4 10 6 4 7 1 4 4 10 6 3 2 3 3 4 4 5 4 4 10 6 4 7 1 4 0 0 6 6 4 7 1 4 4 10 6 4 7 1 4 4 10 6 4 7 1 4 4 10 6 4 7 1 4 0 0 6 6 4 7 1 4 4 10 6 4 7 1 4 3 1 1 6 6 9 6 3 6 2 3 3 4 6 7 4 3 6 2 3 3 7 6 4 7 1 4 0 0 6 6 4 7 1 4 4 10 6 4 7 1 4 4 10 6 4 7 1 4 4 10 6 4 7 1 4 0 0 6 6 4 7 1 4 4 10 6 4 7 1 4 4 10 6 4 7 1 4 4 10 6 4 7 1 4 0 0 6 6 4 7 1 4 4 10 6 4 7 1 4 4 10 6 4 7 1 4 4 
7 1 4 4 10 6 4 7 1 4 0 0 6 6 4 7 1 4 4 10 6 4 7 1 4 4 10 6 4 7 1 4 4 10 6 4 7 1 4 0 0 6 6 4 7 1 4 4 10 6 4 7 1 4 4 10 6 3 2 3 3 4 4 5 4 4 10 6 4 7 1 4 0 0 6 6 4 7 1 4 4 10 6 4 7 1 4 4 10 6 4 7 1 4 4 10 6 4 7 1 4 0 0 6 6 4 7 1 4 4 10 6 4 7 1 4 3 1 1 6 6 9 6 3 6 2 3 3 4 6 7 4 3 6 2 3 3 7 6 4 7 1 4 0 0 6 6 4 7 1 4 4 10 6 4 7 1 4 4 10 6 4 7 1 4 4 10 6 4 7 1 4 0 0 6 6 4 7 1 4 4 10 6 4 7 1 4 4 10 6 4 7 1 4 4 10 6 4 7 1 4 0 0 6 6 4 7 1 4 4 10 6 4 7 1 4 4 10 6 4 7 1 4 4 10 6 4 7 1 4 0 
7 1 4 0 0 6 6 4 7 1 4 4 10 6 4 7 1 4 4 10 6 4 7 1 4 4 10 6 4 7 1 4 0 0 6 6 4 7 1 4 4 10 6 4 7 1 4 4 10 6 3 2 3 3 4 4 5 4 4 10 6 4 7 1 4 0 0 6 6 4 7 1 4 4 10 6 4 7 1 4 4 10 6 4 7 1 4 4 10 6 4 7 1 4 0 0 6 6 4 7 1 4 4 10 6 4 7 1 4 3 1 1 6 6 9 6 3 6 2 3 3 4 6 7 4 3 6 2 3 3 7 6 4 7 1 4 0 0 6 6 4 7 1 4 4 10 6 4 7 1 4 4 10 6 4 7 1 4 4 10 6 4 7 1 4 0 0 6 6 4 7 1 4 4 10 6 4 7 1 4 4 10 6 4 7 1 4 4 10 6 4 7 1 4 0 0 6 6 4 7 1 4 4 10 6 4 7 1 4 4 10 6 4 7 1 4 4 10 6 4 7 1 4 0 0 6 6 4 7 1 4 4 
7 1 4 4 10 6 4 7 1 4 4 10 6 4 7 1 4 4 10 6 4 7 1 4 0 0 6 6 4 7 1 4 4 10 6 4 7 1 4 4 10 6 3 2 3 3 4 4 5 4 4 10 6 4 7 1 4 0 0 6 6 4 7 1 4 4 10 6 4 7 1 4 4 10 6 4 7 1 4 4 10 6 4 7 1 4 0 0 6 6 4 7 1 4 4 10 6 4 7 1 4 3 1 1 6 6 9 6 3 6 2 3 3 4 6 7 4 3 6 2 3 3 7 6 4 7 1 4 0 0 6 6 4 7 1 4 4 10 6 4 7 1 4 4 10 6 4 7 1 4 4 10 6 4 7 1 4 0 0 6 6 4 7 1 4 4 10 6 4 7 1 4 4 10 6 4 7 1 4 4 10 6 4 7 1 4 0 0 6 6 4 7 1 4 4 10 6 4 7 1 4 4 10 6 4 7 1 4 4 10 6 4 7 1 4 0 0 6 6 4 7 1 4 4 10 6 4 7 1 4 4 
7 1 4 4 10 6 4 7 1 4 4 10 6 4 7 1 4 0 0 6 6 4 7 1 4 4 10 6 4 7 1 4 4 10 6 3 2 3 3 4 4 5 4 4 10 6 4 7 1 4 0 0 6 6 4 7 1 4 4 10 6 4 7 1 4 4 10 6 4 7 1 4 4 10 6 4 7 1 4 0 0 6 6 4 7 1 4 4 10 6 4 7 1 4 3 1 1 6 6 9 6 3 6 2 3 3 4 6 7 4 3 6 2 3 3 7 6 4 7 1 4 0 0 6 6 4 7 1 4 4 10 6 4 7 1 4 4 10 6 4 7 1 4 4 10 6 4 7 1 4 0 0 6 6 4 7 1 4 4 10 6 4 7 1 4 4 10 6 4 7 1 4 4 10 6 4 7 1 4 0 0 6 6 4 7 1 4 4 10 6 4 7 1 4 4 10 6 4 7 1 4 4 10 6 4 7 1 4 0 0 6 6 4 7 1 4 4 10 6 4 7 1 4 4 7 6 9 6 3 6 2 3 3 4 6 7 4 3 6 2 3 
7 1 4 4 10 6 4 7 1 4 0 0 6 6 4 7 1 4 4 10 6 4 7 1 4 4 10 6 3 2 3 3 4 4 5 4 4 10 6 4 7 1 4 0 0 6 6 4 7 1 4 4 10 6 4 7 1 4 4 10 6 4 7 1 4 4 10 6 4 7 1 4 0 0 6 6 4 7 1 4 4 10 6 4 7 1 4 3 1 1 6 6 9 6 3 6 2 3 3 4 6 7 4 3 6 2 3 3 7 6 4 7 1 4 0 0 6 6 4 7 1 4 4 10 6 4 7 1 4 4 10 6 4 7 1 4 4 10 6 4 7 1 4 0 0 6 6 4 7 1 4 4 10 6 4 7 1 4 4 10 6 4 7 1 4 4 10 6 4 7 1 4 0 0 6 6 4 7 1 4 4 10 6 4 7 1 4 4 10 6 4 7 1 4 4 10 6 4 7 1 4 0 0 6 6 4 7 1 4 4 10 6 4 7 1 4 4 7 6 9 6 3 6 2 3 3 4 6 7 4 3 6 2 3 3 7 6 4 7 1 4 0 
7 1 4 0 0 6 6 4 7 1 4 4 10 6 4 7 1 4 4 10 6 3 2 3 3 4 4 5 4 4 10 6 4 7 1 4 0 0 6 6 4 7 1 4 4 10 6 4 7 1 4 4 10 6 4 7 1 4 4 10 6 4 7 1 4 0 0 6 6 4 7 1 4 4 10 6 4 7 1 4 3 1 1 6 6 9 6 3 6 2 3 3 4 6 7 4 3 6 2 3 3 7 6 4 7 1 4 0 0 6 6 4 7 1 4 4 10 6 4 7 1 4 4 10 6 4 7 1 4 4 10 6 4 7 1 4 0 0 6 6 4 7 1 4 4 10 6 4 7 1 4 4 10 6 4 7 1 4 4 10 6 4 7 1 4 0 0 6 6 4 7 1 4 4 10 6 4 7 1 4 4 10 6 4 7 1 4 4 10 6 4 7 1 4 0 0 6 6 4 7 1 4 4 10 6 4 7 1 4 4 7 6 9 6 3 6 2 3 3 4 6 7 4 3 6 2 3 3 7 6 4 7 1 4 0 0 6 6 4 7 1 4 
4 7 1 4 4 10 6 4 7 1 4 4 10 6 3 2 3 3 4 4 5 4 4 10 6 4 7 1 4 0 0 6 6 4 7 1 4 4 10 6 4 7 1 4 4 10 6 4 7 1 4 4 10 6 4 7 1 4 0 0 6 6 4 7 1 4 4 10 6 4 7 1 4 3 1 1 6 6 9 6 3 6 2 3 3 4 6 7 4 3 6 2 3 3 7 6 4 7 1 4 0 0 6 6 4 7 1 4 4 10 6 4 7 1 4 4 10 6 4 7 1 4 4 10 6 4 7 1 4 0 0 6 6 4 7 1 4 4 10 6 4 7 1 4 4 10 6 4 7 1 4 4 10 6 4 7 1 4 0 0 6 6 4 7 1 4 4 10 6 4 7 1 4 4 10 6 4 7 1 4 4 10 6 4 7 1 4 0 0 6 6 4 7 1 4 4 10 6 4 7 1 4 4 7 6 9 6 3 6 2 3 3 4 6 7 4 3 6 2 3 3 7 6 4 7 1 4 0 0 6 6 4 7 1 4 4 10 6 4 7 1 4 
4 7 1 4 4 10 6 3 2 3 3 4 4 5 4 4 10 6 4 7 1 4 0 0 6 6 4 7 1 4 4 10 6 4 7 1 4 4 10 6 4 7 1 4 4 10 6 4 7 1 4 0 0 6 6 4 7 1 4 4 10 6 4 7 1 4 3 1 1 6 6 9 6 3 6 2 3 3 4 6 7 4 3 6 2 3 3 7 6 4 7 1 4 0 0 6 6 4 7 1 4 4 10 6 4 7 1 4 4 10 6 4 7 1 4 4 10 6 4 7 1 4 0 0 6 6 4 7 1 4 4 10 6 4 7 1 4 4 10 6 4 7 1 4 4 10 6 4 7 1 4 0 0 6 6 4 7 1 4 4 10 6 4 7 1 4 4 10 6 4 7 1 4 4 10 6 4 7 1 4 0 0 6 6 4 7 1 4 4 10 6 4 7 1 4 4 7 6 9 6 3 6 2 3 3 4 6 7 4 3 6 2 3 3 7 6 4 7 1 4 0 0 6 6 4 7 1 4 4 10 6 4 7 1 4 4 10 6 4 7 1 4 
2 3 3 4 4 5 4 4 10 6 4 7 1 4 0 0 6 6 4 7 1 4 4 10 6 4 7 1 4 4 10 6 4 7 1 4 4 10 6 4 7 1 4 0 0 6 6 4 7 1 4 4 10 6 4 7 1 4 3 1 1 6 6 9 6 3 6 2 3 3 4 6 7 4 3 6 2 3 3 7 6 4 7 1 4 0 0 6 6 4 7 1 4 4 10 6 4 7 1 4 4 10 6 4 7 1 4 4 10 6 4 7 1 4 0 0 6 6 4 7 1 4 4 10 6 4 7 1 4 4 10 6 4 7 1 4 4 10 6 4 7 1 4 0 0 6 6 4 7 1 4 4 10 6 4 7 1 4 4 10 6 4 7 1 4 4 10 6 4 7 1 4 0 0 6 6 4 7 1 4 4 10 6 4 7 1 4 4 7 6 9 6 3 6 2 3 3 4 6 7 4 3 6 2 3 3 7 6 4 7 1 4 0 0 6 6 4 7 1 4 4 10 6 4 7 1 4 4 10 6 4 7 1 4 4 10 6 4 7 1 4 
4 7 1 4 0 0 6 6 4 7 1 4 4 10 6 4 7 1 4 4 10 6 4 7 1 4 4 10 6 4 7 1 4 0 0 6 6 4 7 1 4 4 10 6 4 7 1 4 3 1 1 6 6 9 6 3 6 2 3 3 4 6 7 4 3 6 2 3 3 7 6 4 7 1 4 0 0 6 6 4 7 1 4 4 10 6 4 7 1 4 4 10 6 4 7 1 4 4 10 6 4 7 1 4 0 0 6 6 4 7 1 4 4 10 6 4 7 1 4 4 10 6 4 7 1 4 4 10 6 4 7 1 4 0 0 6 6 4 7 1 4 4 10 6 4 7 1 4 4 10 6 4 7 1 4 4 10 6 4 7 1 4 0 0 6 6 4 7 1 4 4 10 6 4 7 1 4 4 7 6 9 6 3 6 2 3 3 4 6 7 4 3 6 2 3 3 7 6 4 7 1 4 0 0 6 6 4 7 1 4 4 10 6 4 7 1 4 4 10 6 4 7 1 4 4 10 6 4 7 1 4 0 0 6 6 4 7 1 4 
4 7 1 4 4 10 6 4 7 1 4 4 10 6 4 7 1 4 4 10 6 4 7 1 4 0 0 6 6 4 7 1 4 4 10 6 4 7 1 4 3 1 1 6 6 9 6 3 6 2 3 3 4 6 7 4 3 6 2 3 3 7 6 4 7 1 4 0 0 6 6 4 7 1 4 4 10 6 4 7 1 4 4 10 6 4 7 1 4 4 10 6 4 7 1 4 0 0 6 6 4 7 1 4 4 10 6 4 7 1 4 4 10 6 4 7 1 4 4 10 6 4 7 1 4 0 0 6 6 4 7 1 4 4 10 6 4 7 1 4 4 10 6 4 7 1 4 4 10 6 4 7 1 4 0 0 6 6 4 7 1 4 4 10 6 4 7 1 4 4 7 6 9 6 3 6 2 3 3 4 6 7 4 3 6 2 3 3 7 6 4 7 1 4 0 0 6 6 4 7 1 4 4 10 6 4 7 1 4 4 10 6 4 7 1 4 4 10 6 4 7 1 4 0 0 6 6 4 7 1 4 4 10 6 4 7 1 4 
4 7 1 4 4 10 6 4 7 1 4 4 10 6 4 7 1 4 0 0 6 6 4 7 1 4 4 10 6 4 7 1 4 3 1 1 6 6 9 6 3 6 2 3 3 4 6 7 4 3 6 2 3 3 7 6 4 7 1 4 0 0 6 6 4 7 1 4 4 10 6 4 7 1 4 4 10 6 4 7 1 4 4 10 6 4 7 1 4 0 0 6 6 4 7 1 4 4 10 6 4 7 1 4 4 10 6 4 7 1 4 4 10 6 4 7 1 4 0 0 6 6 4 7 1 4 4 10 6 4 7 1 4 4 10 6 4 7 1 4 4 10 6 4 7 1 4 0 0 6 6 4 7 1 4 4 10 6 4 7 1 4 4 7 6 9 6 3 6 2 3 3 4 6 7 4 3 6 2 3 3 7 6 4 7 1 4 0 0 6 6 4 7 1 4 4 10 6 4 7 1 4 4 10 6 4 7 1 4 4 10 6 4 7 1 4 0 0 6 6 4 7 1 4 4 10 6 4 7 1 4 4 10 6 4 7 1 4 
4 7 1 4 4 10 6 4 7 1 4 0 0 6 6 4 7 1 4 4 10 6 4 7 1 4 3 1 1 6 6 9 6 3 6 2 3 3 4 6 7 4 3 6 2 3 3 7 6 4 7 1 4 0 0 6 6 4 7 1 4 4 10 6 4 7 1 4 4 10 6 4 7 1 4 4 10 6 4 7 1 4 0 0 6 6 4 7 1 4 4 10 6 4 7 1 4 4 10 6 4 7 1 4 4 10 6 4 7 1 4 0 0 6 6 4 7 1 4 4 10 6 4 7 1 4 4 10 6 4 7 1 4 4 10 6 4 7 1 4 0 0 6 6 4 7 1 4 4 10 6 4 7 1 4 4 7 6 9 6 3 6 2 3 3 4 6 7 4 3 6 2 3 3 7 6 4 7 1 4 0 0 6 6 4 7 1 4 4 10 6 4 7 1 4 4 10 6 4 7 1 4 4 10 6 4 7 1 4 0 0 6 6 4 7 1 4 4 10 6 4 7 1 4 4 10 6 4 7 1 4 4 10 6 4 7 1 4 
4 7 1 4 0 0 6 6 4 7 1 4 4 10 6 4 7 1 4 3 1 1 6 6 9 6 3 6 2 3 3 4 6 7 4 3 6 2 3 3 7 6 4 7 1 4 0 0 6 6 4 7 1 4 4 10 6 4 7 1 4 4 10 6 4 7 1 4 4 10 6 4 7 1 4 0 0 6 6 4 7 1 4 4 10 6 4 7 1 4 4 10 6 4 7 1 4 4 10 6 4 7 1 4 0 0 6 6 4 7 1 4 4 10 6 4 7 1 4 4 10 6 4 7 1 4 4 10 6 4 7 1 4 0 0 6 6 4 7 1 4 4 10 6 4 7 1 4 4 7 6 9 6 3 6 2 3 3 4 6 7 4 3 6 2 3 3 7 6 4 7 1 4 0 0 6 6 4 7 1 4 4 10 6 4 7 1 4 4 10 6 4 7 1 4 4 10 6 4 7 1 4 0 0 6 6 4 7 1 4 4 10 6 4 7 1 4 4 10 6 4 7 1 4 4 10 6 4 7 1 4 0 0 6 6 4 7 1 4 
4 7 1 4 4 10 6 4 7 1 4 3 1 1 6 6 9 6 3 6 2 3 3 4 6 7 4 3 6 2 3 3 7 6 4 7 1 4 0 0 6 6 4 7 1 4 4 10 6 4 7 1 4 4 10 6 4 7 1 4 4 10 6 4 7 1 4 0 0 6 6 4 7 1 4 4 10 6 4 7 1 4 4 10 6 4 7 1 4 4 10 6 4 7 1 4 0 0 6 6 4 7 1 4 4 10 6 4 7 1 4 4 10 6 4 7 1 4 4 10 6 4 7 1 4 0 0 6 6 4 7 1 4 4 10 6 4 7 1 4 4 7 6 9 6 3 6 2 3 3 4 6 7 4 3 6 2 3 3 7 6 4 7 1 4 0 0 6 6 4 7 1 4 4 10 6 4 7 1 4 4 10 6 4 7 1 4 4 10 6 4 7 1 4 0 0 6 6 4 7 1 4 4 10 6 4 7 1 4 4 10 6 4 7 1 4 4 10 6 4 7 1 4 0 0 6 6 4 7 1 4 4 10 6 4 7 1 4 
4 7 1 4 3 1 1 6 6 9 6 3 6 2 3 3 4 6 7 4 3 6 2 3 3 7 6 4 7 1 4 0 0 6 6 4 7 1 4 4 10 6 4 7 1 4 4 10 6 4 7 1 4 4 10 6 4 7 1 4 0 0 6 6 4 7 1 4 4 10 6 4 7 1 4 4 10 6 4 7 1 4 4 10 6 4 7 1 4 0 0 6 6 4 7 1 4 4 10 6 4 7 1 4 4 10 6 4 7 1 4 4 10 6 4 7 1 4 0 0 6 6 4 7 1 4 4 10 6 4 7 1 4 4 7 6 9 6 3 6 2 3 3 4 6 7 4 3 6 2 3 3 7 6 4 7 1 4 0 0 6 6 4 7 1 4 4 10 6 4 7 1 4 4 10 6 4 7 1 4 4 10 6 4 7 1 4 0 0 6 6 4 7 1 4 4 10 6 4 7 1 4 4 10 6 4 7 1 4 4 10 6 4 7 1 4 0 0 6 6 4 7 1 4 4 10 6 4 7 1 4 4 10 6 4 7 1 4 
3 6 2 3 3 4 6 7 4 3 6 2 3 3 7 6 4 7 1 4 0 0 6 6 4 7 1 4 4 10 6 4 7 1 4 4 10 6 4 7 1 4 4 10 6 4 7 1 4 0 0 6 6 4 7 1 4 4 10 6 4 7 1 4 4 10 6 4 7 1 4 4 10 6 4 7 1 4 0 0 6 6 4 7 1 4 4 10 6 4 7 1 4 4 10 6 4 7 1 4 4 10 6 4 7 1 4 0 0 6 6 4 7 1 4 4 10 6 4 7 1 4 4 7 6 9 6 3 6 2 3 3 4 6 7 4 3 6 2 3 3 7 6 4 7 1 4 0 0 6 6 4 7 1 4 4 10 6 4 7 1 4 4 10 6 4 7 1 4 4 10 6 4 7 1 4 0 0 6 6 4 7 1 4 4 10 6 4 7 1 4 4 10 6 4 7 1 4 4 10 6 4 7 1 4 0 0 6 6 4 7 1 4 4 10 6 4 7 1 4 4 10 6 4 7 1 4 4 10 6 4 7 1 4 
4 7 1 4 0 0 6 6 4 7 1 4 4 10 6 4 7 1 4 4 10 6 4 7 1 4 4 10 6 4 7 1 4 0 0 6 6 4 7 1 4 4 10 6 4 7 1 4 4 10 6 4 7 1 4 4 10 6 4 7 1 4 0 0 6 6 4 7 1 4 4 10 6 4 7 1 4 4 10 6 4 7 1 4 4 10 6 4 7 1 4 0 0 6 6 4 7 1 4 4 10 6 4 7 1 4 4 7 6 9 6 3 6 2 3 3 4 6 7 4 3 6 2 3 3 7 6 4 7 1 4 0 0 6 6 4 7 1 4 4 10 6 4 7 1 4 4 10 6 4 7 1 4 4 10 6 4 7 1 4 0 0 6 6 4 7 1 4 4 10 6 4 7 1 4 4 10 6 4 7 1 4 4 10 6 4 7 1 4 0 0 6 6 4 7 1 4 4 10 6 4 7 1 4 4 10 6 4 7 1 4 4 10 6 4 7 1 4 0 0 6 6 4 7 1 4 
4 7 1 4 4 10 6 4 7 1 4 4 10 6 4 7 1 4 4 10 6 4 7 1 4 0 0 6 6 4 7 1 4 4 10 6 4 7 1 4 4 10 6 4 7 1 4 4 10 6 4 7 1 4 0 0 6 6 4 7 1 4 4 10 6 4 7 1 4 4 10 6 4 7 1 4 4 10 6 4 7 1 4 0 0 6 6 4 7 1 4 4 10 6 4 7 1 4 4 7 6 9 6 3 6 2 3 3 4 6 7 4 3 6 2 3 3 7 6 4 7 1 4 0 0 6 6 4 7 1 4 4 10 6 4 7 1 4 4 10 6 4 7 1 4 4 10 6 4 7 1 4 0 0 6 6 4 7 1 4 4 10 6 4 7 1 4 4 10 6 4 7 1 4 4 10 6 4 7 1 4 0 0 6 6 4 7 1 4 4 10 6 4 7 1 4 4 10 6 4 7 1 4 4 10 6 4 7 1 4 0 0 6 6 4 7 1 4 4 10 6 4 7 1 4 
4 7 1 4 4 10 6 4 7 1 4 4 10 6 4 7 1 4 0 0 6 6 4 7 1 4 4 10 6 4 7 1 4 4 10 6 4 7 1 4 4 10 6 4 7 1 4 0 0 6 6 4 7 1 4 4 10 6 4 7 1 4 4 10 6 4 7 1 4 4 10 6 4 7 1 4 0 0 6 6 4 7 1 4 4 10 6 4 7 1 4 4 7 6 9 6 3 6 2 3 3 4 6 7 4 3 6 2 3 3 7 6 4 7 1 4 0 0 6 6 4 7 1 4 4 10 6 4 7 1 4 4 10 6 4 7 1 4 4 10 6 4 7 1 4 0 0 6 6 4 7 1 4 4 10 6 4 7 1 4 4 10 6 4 7 1 4 4 10 6 4 7 1 4 0 0 6 6 4 7 1 4 4 10 6 4 7 1 4 4 10 6 4 7 1 4 4 10 6 4 7 1 4 0 0 6 6 4 7 1 4 4 10 6 4 7 1 4 4 10 6 3 2 3 3 4 4 5 4 
4 7 1 4 4 10 6 4 7 1 4 0 0 6 6 4 7 1 4 4 10 6 4 7 1 4 4 10 6 4 7 1 4 4 10 6 4 7 1 4 0 0 6 6 4 7 1 4 4 10 6 4 7 1 4 4 10 6 4 7 1 4 4 10 6 4 7 1 4 0 0 6 6 4 7 1 4 4 10 6 4 7 1 4 4 7 6 9 6 3 6 2 3 3 4 6 7 4 3 6 2 3 3 7 6 4 7 1 4 0 0 6 6 4 7 1 4 4 10 6 4 7 1 4 4 10 6 4 7 1 4 4 10 6 4 7 1 4 0 0 6 6 4 7 1 4 4 10 6 4 7 1 4 4 10 6 4 7 1 4 4 10 6 4 7 1 4 0 0 6 6 4 7 1 4 4 10 6 4 7 1 4 4 10 6 4 7 1 4 4 10 6 4 7 1 4 0 0 6 6 4 7 1 4 4 10 6 4 7 1 4 4 10 6 3 2 3 3 4 4 5 4 4 10 6 4 7 1 4 
10 6 4 7 1 4 0 0 6 6 4 7 1 4 4 10 6 4 7 1 4 4 10 6 4 7 1 4 4 10 6 4 7 1 4 0 0 6 6 4 7 1 4 4 10 6 4 7 1 4 4 10 6 4 7 1 4 4 10 6 4 7 1 4 0 0 6 6 4 7 1 4 4 10 6 4 7 1 4 4 7 6 9 6 3 6 2 3 3 4 6 7 4 3 6 2 3 3 7 6 4 7 1 4 0 0 6 6 4 7 1 4 4 10 6 4 7 1 4 4 10 6 4 7 1 4 4 10 6 4 7 1 4 0 0 6 6 4 7 1 4 4 10 6 4 7 1 4 4 10 6 4 7 1 4 4 10 6 4 7 1 4 0 0 6 6 4 7 1 4 4 10 6 4 7 1 4 4 10 6 4 7 1 4 4 10 6 4 7 1 4 0 0 6 6 4 7 1 4 4 10 6 4 7 1 4 4 10 6 3 2 3 3 4 4 5 4 4 10 6 4 7 1 4 0 0 6 6 4 
6 6 4 7 1 4 4 10 6 4 7 1 4 4 10 6 4 7 1 4 4 10 6 4 7 1 4 0 0 6 6 4 7 1 4 4 10 6 4 7 1 4 4 10 6 4 7 1 4 4 10 6 4 7 1 4 0 0 6 6 4 7 1 4 4 10 6 4 7 1 4 4 7 6 9 6 3 6 2 3 3 4 6 7 4 3 6 2 3 3 7 6 4 7 1 4 0 0 6 6 4 7 1 4 4 10 6 4 7 1 4 4 10 6 4 7 1 4 4 10 6 4 7 1 4 0 0 6 6 4 7 1 4 4 10 6 4 7 1 4 4 10 6 4 7 1 4 4 10 6 4 7 1 4 0 0 6 6 4 7 1 4 4 10 6 4 7 1 4 4 10 6 4 7 1 4 4 10 6 4 7 1 4 0 0 6 6 4 7 1 4 4 10 6 4 7 1 4 4 10 6 3 2 3 3 4 4 5 4 4 10 6 4 7 1 4 0 0 6 6 4 7 1 4 4 10 6 4 
10 6 4 7 1 4 4 10 6 4 7 1 4 4 10 6 4 7 1 4 0 0 6 6 4 7 1 4 4 10 6 4 7 1 4 4 10 6 4 7 1 4 4 10 6 4 7 1 4 0 0 6 6 4 7 1 4 4 10 6 4 7 1 4 4 7 6 9 6 3 6 2 3 3 4 6 7 4 3 6 2 3 3 7 6 4 7 1 4 0 0 6 6 4 7 1 4 4 10 6 4 7 1 4 4 10 6 4 7 1 4 4 10 6 4 7 1 4 0 0 6 6 4 7 1 4 4 10 6 4 7 1 4 4 10 6 4 7 1 4 4 10 6 4 7 1 4 0 0 6 6 4 7 1 4 4 10 6 4 7 1 4 4 10 6 4 7 1 4 4 10 6 4 7 1 4 0 0 6 6 4 7 1 4 4 10 6 4 7 1 4 4 10 6 3 2 3 3 4 4 5 4 4 10 6 4 7 1 4 0 0 6 6 4 7 1 4 4 10 6 4 7 1 4 4 10 6 4 
10 6 4 7 1 4 4 10 6 4 7 1 4 0 0 6 6 4 7 1 4 4 10 6 4 7 1 4 4 10 6 4 7 1 4 4 10 6 4 7 1 4 0 0 6 6 4 7 1 4 4 10 6 4 7 1 4 4 7 6 9 6 3 6 2 3 3 4 6 7 4 3 6 2 3 3 7 6 4 7 1 4 0 0 6 6 4 7 1 4 4 10 6 4 7 1 4 4 10 6 4 7 1 4 4 10 6 4 7 1 4 0 0 6 6 4 7 1 4 4 10 6 4 7 1 4 4 10 6 4 7 1 4 4 10 6 4 7 1 4 0 0 6 6 4 7 1 4 4 10 6 4 7 1 4 4 10 6 4 7 1 4 4 10 6 4 7 1 4 0 0 6 6 4 7 1 4 4 10 6 4 7 1 4 4 10 6 3 2 3 3 4 4 5 4 4 10 6 4 7 1 4 0 0 6 6 4 7 1 4 4 10 6 4 7 1 4 4 10 6 4 7 1 4 4 10 6 4 
10 6 4 7 1 4 0 0 6 6 4 7 1 4 4 10 6 4 7 1 4 4 10 6 4 7 1 4 4 10 6 4 7 1 4 0 0 6 6 4 7 1 4 4 10 6 4 7 1 4 4 7 6 9 6 3 6 2 3 3 4 6 7 4 3 6 2 3 3 7 6 4 7 1 4 0 0 6 6 4 7 1 4 4 10 6 4 7 1 4 4 10 6 4 7 1 4 4 10 6 4 7 1 4 0 0 6 6 4 7 1 4 4 10 6 4 7 1 4 4 10 6 4 7 1 4 4 10 6 4 7 1 4 0 0 6 6 4 7 1 4 4 10 6 4 7 1 4 4 10 6 4 7 1 4 4 10 6 4 7 1 4 0 0 6 6 4 7 1 4 4 10 6 4 7 1 4 4 10 6 3 2 3 3 4 4 5 4 4 10 6 4 7 1 4 0 0 6 6 4 7 1 4 4 10 6 4 7 1 4 4 10 6 4 7 1 4 4 10 6 4 7 1 4 0 0 6 6 4 
6 6 4 7 1 4 4 10 6 4 7 1 4 4 10 6 4 7 1 4 4 10 6 4 7 1 4 0 0 6 6 4 7 1 4 4 10 6 4 7 1 4 4 7 6 9 6 3 6 2 3 3 4 6 7 4 3 6 2 3 3 7 6 4 7 1 4 0 0 6 6 4 7 1 4 4 10 6 4 7 1 4 4 10 6 4 7 1 4 4 10 6 4 7 1 4 0 0 6 6 4 7 1 4 4 10 6 4 7 1 4 4 10 6 4 7 1 4 4 10 6 4 7 1 4 0 0 6 6 4 7 1 4 4 10 6 4 7 1 4 4 10 6 4 7 1 4 4 10 6 4 7 1 4 0 0 6 6 4 7 1 4 4 10 6 4 7 1 4 4 10 6 3 2 3 3 4 4 5 4 4 10 6 4 7 1 4 0 0 6 6 4 7 1 4 4 10 6 4 7 1 4 4 10 6 4 7 1 4 4 10 6 4 7 1 4 0 0 6 6 4 7 1 4 4 10 6 4 
10 6 4 7 1 4 4 10 6 4 7 1 4 4 10 6 4 7 1 4 0 0 6 6 4 7 1 4 4 10 6 4 7 1 4 4 7 6 9 6 3 6 2 3 3 4 6 7 4 3 6 2 3 3 7 6 4 7 1 4 0 0 6 6 4 7 1 4 4 10 6 4 7 1 4 4 10 6 4 7 1 4 4 10 6 4 7 1 4 0 0 6 6 4 7 1 4 4 10 6 4 7 1 4 4 10 6 4 7 1 4 4 10 6 4 7 1 4 0 0 6 6 4 7 1 4 4 10 6 4 7 1 4 4 10 6 4 7 1 4 4 10 6 4 7 1 4 0 0 6 6 4 7 1 4 4 10 6 4 7 1 4 4 10 6 3 2 3 3 4 4 5 4 4 10 6 4 7 1 4 0 0 6 6 4 7 1 4 4 10 6 4 7 1 4 4 10 6 4 7 1 4 4 10 6 4 7 1 4 0 0 6 6 4 7 1 4 4 10 6 4 7 1 4 3 1 1 6 6 9 6 3 6 2 3 3 
10 6 4 7 1 4 4 10 6 4 7 1 4 0 0 6 6 4 7 1 4 4 10 6 4 7 1 4 4 7 6 9 6 3 6 2 3 3 4 6 7 4 3 6 2 3 3 7 6 4 7 1 4 0 0 6 6 4 7 1 4 4 10 6 4 7 1 4 4 10 6 4 7 1 4 4 10 6 4 7 1 4 0 0 6 6 4 7 1 4 4 10 6 4 7 1 4 4 10 6 4 7 1 4 4 10 6 4 7 1 4 0 0 6 6 4 7 1 4 4 10 6 4 7 1 4 4 10 6 4 7 1 4 4 10 6 4 7 1 4 0 0 6 6 4 7 1 4 4 10 6 4 7 1 4 4 10 6 3 2 3 3 4 4 5 4 4 10 6 4 7 1 4 0 0 6 6 4 7 1 4 4 10 6 4 7 1 4 4 10 6 4 7 1 4 4 10 6 4 7 1 4 0 0 6 6 4 7 1 4 4 10 6 4 7 1 4 3 1 1 6 6 9 6 3 6 2 3 3 4 6 7 4 3 6 2 3 3 7 6 4 
10 6 4 7 1 4 0 0 6 6 4 7 1 4 4 10 6 4 7 1 4 4 7 6 9 6 3 6 2 3 3 4 6 7 4 3 6 2 3 3 7 6 4 7 1 4 0 0 6 6 4 7 1 4 4 10 6 4 7 1 4 4 10 6 4 7 1 4 4 10 6 4 7 1 4 0 0 6 6 4 7 1 4 4 10 6 4 7 1 4 4 10 6 4 7 1 4 4 10 6 4 7 1 4 0 0 6 6 4 7 1 4 4 10 6 4 7 1 4 4 10 6 4 7 1 4 4 10 6 4 7 1 4 0 0 6 6 4 7 1 4 4 10 6 4 7 1 4 4 10 6 3 2 3 3 4 4 5 4 4 10 6 4 7 1 4 0 0 6 6 4 7 1 4 4 10 6 4 7 1 4 4 10 6 4 7 1 4 4 10 6 4 7 1 4 0 0 6 6 4 7 1 4 4 10 6 4 7 1 4 3 1 1 6 6 9 6 3 6 2 3 3 4 6 7 4 3 6 2 3 3 7 6 4 7 1 4 0 0 6 6 4 
0 6 6 4 7 1 4 4 10 6 4 7 1 4 4 7 6 9 6 3 6 2 3 3 4 6 7 4 3 6 2 3 3 7 6 4 7 1 4 0 0 6 6 4 7 1 4 4 10 6 4 7 1 4 4 10 6 4 7 1 4 4 10 6 4 7 1 4 0 0 6 6 4 7 1 4 4 10 6 4 7 1 4 4 10 6 4 7 1 4 4 10 6 4 7 1 4 0 0 6 6 4 7 1 4 4 10 6 4 7 1 4 4 10 6 4 7 1 4 4 10 6 4 7 1 4 0 0 6 6 4 7 1 4 4 10 6 4 7 1 4 4 10 6 3 2 3 3 4 4 5 4 4 10 6 4 7 1 4 0 0 6 6 4 7 1 4 4 10 6 4 7 1 4 4 10 6 4 7 1 4 4 10 6 4 7 1 4 0 0 6 6 4 7 1 4 4 10 6 4 7 1 4 3 1 1 6 6 9 6 3 6 2 3 3 4 6 7 4 3 6 2 3 3 7 6 4 7 1 4 0 0 6 6 4 7 1 4 4 10 6 4 
10 6 4 7 1 4 4 7 6 9 6 3 6 2 3 3 4 6 7 4 3 6 2 3 3 7 6 4 7 1 4 0 0 6 6 4 7 1 4 4 10 6 4 7 1 4 4 10 6 4 7 1 4 4 10 6 4 7 1 4 0 0 6 6 4 7 1 4 4 10 6 4 7 1 4 4 10 6 4 7 1 4 4 10 6 4 7 1 4 0 0 6 6 4 7 1 4 4 10 6 4 7 1 4 4 10 6 4 7 1 4 4 10 6 4 7 1 4 0 0 6 6 4 7 1 4 4 10 6 4 7 1 4 4 10 6 3 2 3 3 4 4 5 4 4 10 6 4 7 1 4 0 0 6 6 4 7 1 4 4 10 6 4 7 1 4 4 10 6 4 7 1 4 4 10 6 4 7 1 4 0 0 6 6 4 7 1 4 4 10 6 4 7 1 4 3 1 1 6 6 9 6 3 6 2 3 3 4 6 7 4 3 6 2 3 3 7 6 4 7 1 4 0 0 6 6 4 7 1 4 4 10 6 4 7 1 4 4 10 6 4 
7 6 9 6 3 6 2 3 3 4 6 7 4 3 6 2 3 3 7 6 4 7 1 4 0 0 6 6 4 7 1 4 4 10 6 4 7 1 4 4 10 6 4 7 1 4 4 10 6 4 7 1 4 0 0 6 6 4 7 1 4 4 10 6 4 7 1 4 4 10 6 4 7 1 4 4 10 6 4 7 1 4 0 0 6 6 4 7 1 4 4 10 6 4 7 1 4 4 10 6 4 7 1 4 4 10 6 4 7 1 4 0 0 6 6 4 7 1 4 4 10 6 4 7 1 4 4 10 6 3 2 3 3 4 4 5 4 4 10 6 4 7 1 4 0 0 6 6 4 7 1 4 4 10 6 4 7 1 4 4 10 6 4 7 1 4 4 10 6 4 7 1 4 0 0 6 6 4 7 1 4 4 10 6 4 7 1 4 3 1 1 6 6 9 6 3 6 2 3 3 4 6 7 4 3 6 2 3 3 7 6 4 7 1 4 0 0 6 6 4 7 1 4 4 10 6 4 7 1 4 4 10 6 4 7 1 4 4 10 6 4 
3 7 6 4 7 1 4 0 0 6 6 4 7 1 4 4 10 6 4 7 1 4 4 10 6 4 7 1 4 4 10 6 4 7 1 4 0 0 6 6 4 7 1 4 4 10 6 4 7 1 4 4 10 6 4 7 1 4 4 10 6 4 7 1 4 0 0 6 6 4 7 1 4 4 10 6 4 7 1 4 4 10 6 4 7 1 4 4 10 6 4 7 1 4 0 0 6 6 4 7 1 4 4 10 6 4 7 1 4 4 10 6 3 2 3 3 4 4 5 4 4 10 6 4 7 1 4 0 0 6 6 4 7 1 4 4 10 6 4 7 1 4 4 10 6 4 7 1 4 4 10 6 4 7 1 4 0 0 6 6 4 7 1 4 4 10 6 4 7 1 4 3 1 1 6 6 9 6 3 6 2 3 3 4 6 7 4 3 6 2 3 3 7 6 4 7 1 4 0 0 6 6 4 7 1 4 4 10 6 4 7 1 4 4 10 6 4 7 1 4 4 10 6 4 7 1 4 0 0 6 6 4 
0 6 6 4 7 1 4 4 10 6 4 7 1 4 4 10 6 4 7 1 4 4 10 6 4 7 1 4 0 0 6 6 4 7 1 4 4 10 6 4 7 1 4 4 10 6 4 7 1 4 4 10 6 4 7 1 4 0 0 6 6 4 7 1 4 4 10 6 4 7 1 4 4 10 6 4 7 1 4 4 10 6 4 7 1 4 0 0 6 6 4 7 1 4 4 10 6 4 7 1 4 4 10 6 3 2 3 3 4 4 5 4 4 10 6 4 7 1 4 0 0 6 6 4 7 1 4 4 10 6 4 7 1 4 4 10 6 4 7 1 4 4 10 6 4 7 1 4 0 0 6 6 4 7 1 4 4 10 6 4 7 1 4 3 1 1 6 6 9 6 3 6 2 3 3 4 6 7 4 3 6 2 3 3 7 6 4 7 1 4 0 0 6 6 4 7 1 4 4 10 6 4 7 1 4 4 10 6 4 7 1 4 4 10 6 4 7 1 4 0 0 6 6 4 7 1 4 4 10 6 4 
10 6 4 7 1 4 4 10 6 4 7 1 4 4 10 6 4 7 1 4 0 0 6 6 4 7 1 4 4 10 6 4 7 1 4 4 10 6 4 7 1 4 4 10 6 4 7 1 4 0 0 6 6 4 7 1 4 4 10 6 4 7 1 4 4 10 6 4 7 1 4 4 10 6 4 7 1 4 0 0 6 6 4 7 1 4 4 10 6 4 7 1 4 4 10 6 3 2 3 3 4 4 5 4 4 10 6 4 7 1 4 0 0 6 6 4 7 1 4 4 10 6 4 7 1 4 4 10 6 4 7 1 4 4 10 6 4 7 1 4 0 0 6 6 4 7 1 4 4 10 6 4 7 1 4 3 1 1 6 6 9 6 3 6 2 3 3 4 6 7 4 3 6 2 3 3 7 6 4 7 1 4 0 0 6 6 4 7 1 4 4 10 6 4 7 1 4 4 10 6 4 7 1 4 4 10 6 4 7 1 4 0 0 6 6 4 7 1 4 4 10 6 4 7 1 4 4 10 6 4 
4 10 6 4 7 1 4 4 10 6 4 7 1 4 0 0 6 6 4 7 1 4 4 10 6 4 7 1 4 4 10 6 4 7 1 4 4 10 6 4 7 1 4 0 0 6 6 4 7 1 4 4 10 6 4 7 1 4 4 10 6 4 7 1 4 4 10 6 4 7 1 4 0 0 6 6 4 7 1 4 4 10 6 4 7 1 4 4 10 6 3 2 3 3 4 4 5 4 4 10 6 4 7 1 4 0 0 6 6 4 7 1 4 4 10 6 4 7 1 4 4 10 6 4 7 1 4 4 10 6 4 7 1 4 0 0 6 6 4 7 1 4 4 10 6 4 7 1 4 3 1 1 6 6 9 6 3 6 2 3 3 4 6 7 4 3 6 2 3 3 7 6 4 7 1 4 0 0 6 6 4 7 1 4 4 10 6 4 7 1 4 4 10 6 4 7 1 4 4 10 6 4 7 1 4 0 0 6 6 4 7 1 4 4 10 6 4 7 1 4 4 10 6 4 7 1 4 4 10 6 
4 10 6 4 7 1 4 0 0 6 6 4 7 1 4 4 10 6 4 7 1 4 4 10 6 4 7 1 4 4 10 6 4 7 1 4 0 0 6 6 4 7 1 4 4 10 6 4 7 1 4 4 10 6 4 7 1 4 4 10 6 4 7 1 4 0 0 6 6 4 7 1 4 4 10 6 4 7 1 4 4 10 6 3 2 3 3 4 4 5 4 4 10 6 4 7 1 4 0 0 6 6 4 7 1 4 4 10 6 4 7 1 4 4 10 6 4 7 1 4 4 10 6 4 7 1 4 0 0 6 6 4 7 1 4 4 10 6 4 7 1 4 3 1 1 6 6 9 6 3 6 2 3 3 4 6 7 4 3 6 2 3 3 7 6 4 7 1 4 0 0 6 6 4 7 1 4 4 10 6 4 7 1 4 4 10 6 4 7 1 4 4 10 6 4 7 1 4 0 0 6 6 4 7 1 4 4 10 6 4 7 1 4 4 10 6 4 7 1 4 4 10 6 4 7 1 4 0 0 6 6 
0 0 6 6 4 7 1 4 4 10 6 4 7 1 4 4 10 6 4 7 1 4 4 10 6 4 7 1 4 0 0 6 6 4 7 1 4 4 10 6 4 7 1 4 4 10 6 4 7 1 4 4 10 6 4 7 1 4 0 0 6 6 4 7 1 4 4 10 6 4 7 1 4 4 10 6 3 2 3 3 4 4 5 4 4 10 6 4 7 1 4 0 0 6 6 4 7 1 4 4 10 6 4 7 1 4 4 10 6 4 7 1 4 4 10 6 4 7 1 4 0 0 6 6 4 7 1 4 4 10 6 4 7 1 4 3 1 1 6 6 9 6 3 6 2 3 3 4 6 7 4 3 6 2 3 3 7 6 4 7 1 4 0 0 6 6 4 7 1 4 4 10 6 4 7 1 4 4 10 6 4 7 1 4 4 10 6 4 7 1 4 0 0 6 6 4 7 1 4 4 10 6 4 7 1 4 4 10 6 4 7 1 4 4 10 6 4 7 1 4 0 0 6 6 4 7 1 4 4 10 6 
4 10 6 4 7 1 4 4 10 6 4 7 1 4 4 10 6 4 7 1 4 0 0 6 6 4 7 1 4 4 10 6 4 7 1 4 4 10 6 4 7 1 4 4 10 6 4 7 1 4 0 0 6 6 4 7 1 4 4 10 6 4 7 1 4 4 10 6 3 2 3 3 4 4 5 4 4 10 6 4 7 1 4 0 0 6 6 4 7 1 4 4 10 6 4 7 1 4 4 10 6 4 7 1 4 4 10 6 4 7 1 4 0 0 6 6 4 7 1 4 4 10 6 4 7 1 4 3 1 1 6 6 9 6 3 6 2 3 3 4 6 7 4 3 6 2 3 3 7 6 4 7 1 4 0 0 6 6 4 7 1 4 4 10 6 4 7 1 4 4 10 6 4 7 1 4 4 10 6 4 7 1 4 0 0 6 6 4 7 1 4 4 10 6 4 7 1 4 4 10 6 4 7 1 4 4 10 6 4 7 1 4 0 0 6 6 4 7 1 4 4 10 6 4 7 1 4 4 10 6 
4 10 6 4 7 1 4 4 10 6 4 7 1 4 0 0 6 6 4 7 1 4 4 10 6 4 7 1 4 4 10 6 4 7 1 4 4 10 6 4 7 1 4 0 0 6 6 4 7 1 4 4 10 6 4 7 1 4 4 10 6 3 2 3 3 4 4 5 4 4 10 6 4 7 1 4 0 0 6 6 4 7 1 4 4 10 6 4 7 1 4 4 10 6 4 7 1 4 4 10 6 4 7 1 4 0 0 6 6 4 7 1 4 4 10 6 4 7 1 4 3 1 1 6 6 9 6 3 6 2 3 3 4 6 7 4 3 6 2 3 3 7 6 4 7 1 4 0 0 6 6 4 7 1 4 4 10 6 4 7 1 4 4 10 6 4 7 1 4 4 10 6 4 7 1 4 0 0 6 6 4 7 1 4 4 10 6 4 7 1 4 4 10 6 4 7 1 4 4 10 6 4 7 1 4 0 0 6 6 4 7 1 4 4 10 6 4 7 1 4 4 10 6 4 7 1 4 4 10 6 
4 10 6 4 7 1 4 0 0 6 6 4 7 1 4 4 10 6 4 7 1 4 4 10 6 4 7 1 4 4 10 6 4 7 1 4 0 0 6 6 4 7 1 4 4 10 6 4 7 1 4 4 10 6 3 2 3 3 4 4 5 4 4 10 6 4 7 1 4 0 0 6 6 4 7 1 4 4 10 6 4 7 1 4 4 10 6 4 7 1 4 4 10 6 4 7 1 4 0 0 6 6 4 7 1 4 4 10 6 4 7 1 4 3 1 1 6 6 9 6 3 6 2 3 3 4 6 7 4 3 6 2 3 3 7 6 4 7 1 4 0 0 6 6 4 7 1 4 4 10 6 4 7 1 4 4 10 6 4 7 1 4 4 10 6 4 7 1 4 0 0 6 6 4 7 1 4 4 10 6 4 7 1 4 4 10 6 4 7 1 4 4 10 6 4 7 1 4 0 0 6 6 4 7 1 4 4 10 6 4 7 1 4 4 10 6 4 7 1 4 4 10 6 4 7 1 4 0 0 6 6 
0 0 6 6 4 7 1 4 4 10 6 4 7 1 4 4 10 6 4 7 1 4 4 10 6 4 7 1 4 0 0 6 6 4 7 1 4 4 10 6 4 7 1 4 4 10 6 3 2 3 3 4 4 5 4 4 10 6 4 7 1 4 0 0 6 6 4 7 1 4 4 10 6 4 7 1 4 4 10 6 4 7 1 4 4 10 6 4 7 1 4 0 0 6 6 4 7 1 4 4 10 6 4 7 1 4 3 1 1 6 6 9 6 3 6 2 3 3 4 6 7 4 3 6 2 3 3 7 6 4 7 1 4 0 0 6 6 4 7 1 4 4 10 6 4 7 1 4 4 10 6 4 7 1 4 4 10 6 4 7 1 4 0 0 6 6 4 7 1 4 4 10 6 4 7 1 4 4 10 6 4 7 1 4 4 10 6 4 7 1 4 0 0 6 6 4 7 1 4 4 10 6 4 7 1 4 4 10 6 4 7 1 4 4 10 6 4 7 1 4 0 0 6 6 4 7 1 4 4 10 6 
4 10 6 4 7 1 4 4 10 6 4 7 1 4 4 10 6 4 7 1 4 0 0 6 6 4 7 1 4 4 10 6 4 7 1 4 4 10 6 3 2 3 3 4 4 5 4 4 10 6 4 7 1 4 0 0 6 6 4 7 1 4 4 10 6 4 7 1 4 4 10 6 4 7 1 4 4 10 6 4 7 1 4 0 0 6 6 4 7 1 4 4 10 6 4 7 1 4 3 1 1 6 6 9 6 3 6 2 3 3 4 6 7 4 3 6 2 3 3 7 6 4 7 1 4 0 0 6 6 4 7 1 4 4 10 6 4 7 1 4 4 10 6 4 7 1 4 4 10 6 4 7 1 4 0 0 6 6 4 7 1 4 4 10 6 4 7 1 4 4 10 6 4 7 1 4 4 10 6 4 7 1 4 0 0 6 6 4 7 1 4 4 10 6 4 7 1 4 4 10 6 4 7 1 4 4 10 6 4 7 1 4 0 0 6 6 4 7 1 4 4 10 6 4 7 1 4 4 1 9 6 
4 10 6 4 7 1 4 4 10 6 4 7 1 4 0 0 6 6 4 7 1 4 4 10 6 4 7 1 4 4 10 6 3 2 3 3 4 4 5 4 4 10 6 4 7 1 4 0 0 6 6 4 7 1 4 4 10 6 4 7 1 4 4 10 6 4 7 1 4 4 10 6 4 7 1 4 0 0 6 6 4 7 1 4 4 10 6 4 7 1 4 3 1 1 6 6 9 6 3 6 2 3 3 4 6 7 4 3 6 2 3 3 7 6 4 7 1 4 0 0 6 6 4 7 1 4 4 10 6 4 7 1 4 4 10 6 4 7 1 4 4 10 6 4 7 1 4 0 0 6 6 4 7 1 4 4 10 6 4 7 1 4 4 10 6 4 7 1 4 4 10 6 4 7 1 4 0 0 6 6 4 7 1 4 4 10 6 4 7 1 4 4 10 6 4 7 1 4 4 10 6 4 7 1 4 0 0 6 6 4 7 1 4 4 10 6 4 7 1 4 4 1 9 6 3 2 3 3 4 6 7 4 3 2 3 3 7 6 
4 10 6 4 7 1 4 0 0 6 6 4 7 1 4 4 10 6 4 7 1 4 4 10 6 3 2 3 3 4 4 5 4 4 10 6 4 7 1 4 0 0 6 6 4 7 1 4 4 10 6 4 7 1 4 4 10 6 4 7 1 4 4 10 6 4 7 1 4 0 0 6 6 4 7 1 4 4 10 6 4 7 1 4 3 1 1 6 6 9 6 3 6 2 3 3 4 6 7 4 3 6 2 3 3 7 6 4 7 1 4 0 0 6 6 4 7 1 4 4 10 6 4 7 1 4 4 10 6 4 7 1 4 4 10 6 4 7 1 4 0 0 6 6 4 7 1 4 4 10 6 4 7 1 4 4 10 6 4 7 1 4 4 10 6 4 7 1 4 0 0 6 6 4 7 1 4 4 10 6 4 7 1 4 4 10 6 4 7 1 4 4 10 6 4 7 1 4 0 0 6 6 4 7 1 4 4 10 6 4 7 1 4 4 1 9 6 3 2 3 3 4 6 7 4 3 2 3 3 7 6 4 7 1 4 0 0 6 6 
0 0 6 6 4 7 1 4 4 10 6 4 7 1 4 4 10 6 3 2 3 3 4 4 5 4 4 10 6 4 7 1 4 0 0 6 6 4 7 1 4 4 10 6 4 7 1 4 4 10 6 4 7 1 4 4 10 6 4 7 1 4 0 0 6 6 4 7 1 4 4 10 6 4 7 1 4 3 1 1 6 6 9 6 3 6 2 3 3 4 6 7 4 3 6 2 3 3 7 6 4 7 1 4 0 0 6 6 4 7 1 4 4 10 6 4 7 1 4 4 10 6 4 7 1 4 4 10 6 4 7 1 4 0 0 6 6 4 7 1 4 4 10 6 4 7 1 4 4 10 6 4 7 1 4 4 10 6 4 7 1 4 0 0 6 6 4 7 1 4 4 10 6 4 7 1 4 4 10 6 4 7 1 4 4 10 6 4 7 1 4 0 0 6 6 4 7 1 4 4 10 6 4 7 1 4 4 1 9 6 3 2 3 3 4 6 7 4 3 2 3 3 7 6 4 7 1 4 0 0 6 6 4 7 1 4 4 10 6 
4 10 6 4 7 1 4 4 10 6 3 2 3 3 4 4 5 4 4 10 6 4 7 1 4 0 0 6 6 4 7 1 4 4 10 6 4 7 1 4 4 10 6 4 7 1 4 4 10 6 4 7 1 4 0 0 6 6 4 7 1 4 4 10 6 4 7 1 4 3 1 1 6 6 9 6 3 6 2 3 3 4 6 7 4 3 6 2 3 3 7 6 4 7 1 4 0 0 6 6 4 7 1 4 4 10 6 4 7 1 4 4 10 6 4 7 1 4 4 10 6 4 7 1 4 0 0 6 6 4 7 1 4 4 10 6 4 7 1 4 4 10 6 4 7 1 4 4 10 6 4 7 1 4 0 0 6 6 4 7 1 4 4 10 6 4 7 1 4 4 10 6 4 7 1 4 4 10 6 4 7 1 4 0 0 6 6 4 7 1 4 4 10 6 4 7 1 4 4 1 9 6 3 2 3 3 4 6 7 4 3 2 3 3 7 6 4 7 1 4 0 0 6 6 4 7 1 4 4 10 6 4 7 1 4 4 10 6 
4 10 6 3 2 3 3 4 4 5 4 4 10 6 4 7 1 4 0 0 6 6 4 7 1 4 4 10 6 4 7 1 4 4 10 6 4 7 1 4 4 10 6 4 7 1 4 0 0 6 6 4 7 1 4 4 10 6 4 7 1 4 3 1 1 6 6 9 6 3 6 2 3 3 4 6 7 4 3 6 2 3 3 7 6 4 7 1 4 0 0 6 6 4 7 1 4 4 10 6 4 7 1 4 4 10 6 4 7 1 4 4 10 6 4 7 1 4 0 0 6 6 4 7 1 4 4 10 6 4 7 1 4 4 10 6 4 7 1 4 4 10 6 4 7 1 4 0 0 6 6 4 7 1 4 4 10 6 4 7 1 4 4 10 6 4 7 1 4 4 10 6 4 7 1 4 0 0 6 6 4 7 1 4 4 10 6 4 7 1 4 4 1 9 6 3 2 3 3 4 6 7 4 3 2 3 3 7 6 4 7 1 4 0 0 6 6 4 7 1 4 4 10 6 4 7 1 4 4 10 6 4 7 1 4 4 10 6 
4 10 6 4 7 1 4 0 0 6 6 4 7 1 4 4 10 6 4 7 1 4 4 10 6 4 7 1 4 4 10 6 4 7 1 4 0 0 6 6 4 7 1 4 4 10 6 4 7 1 4 3 1 1 6 6 9 6 3 6 2 3 3 4 6 7 4 3 6 2 3 3 7 6 4 7 1 4 0 0 6 6 4 7 1 4 4 10 6 4 7 1 4 4 10 6 4 7 1 4 4 10 6 4 7 1 4 0 0 6 6 4 7 1 4 4 10 6 4 7 1 4 4 10 6 4 7 1 4 4 10 6 4 7 1 4 0 0 6 6 4 7 1 4 4 10 6 4 7 1 4 4 10 6 4 7 1 4 4 10 6 4 7 1 4 0 0 6 6 4 7 1 4 4 10 6 4 7 1 4 4 1 9 6 3 2 3 3 4 6 7 4 3 2 3 3 7 6 4 7 1 4 0 0 6 6 4 7 1 4 4 10 6 4 7 1 4 4 10 6 4 7 1 4 4 10 6 4 7 1 4 0 0 6 6 
0 0 6 6 4 7 1 4 4 10 6 4 7 1 4 4 10 6 4 7 1 4 4 10 6 4 7 1 4 0 0 6 6 4 7 1 4 4 10 6 4 7 1 4 3 1 1 6 6 9 6 3 6 2 3 3 4 6 7 4 3 6 2 3 3 7 6 4 7 1 4 0 0 6 6 4 7 1 4 4 10 6 4 7 1 4 4 10 6 4 7 1 4 4 10 6 4 7 1 4 0 0 6 6 4 7 1 4 4 10 6 4 7 1 4 4 10 6 4 7 1 4 4 10 6 4 7 1 4 0 0 6 6 4 7 1 4 4 10 6 4 7 1 4 4 10 6 4 7 1 4 4 10 6 4 7 1 4 0 0 6 6 4 7 1 4 4 10 6 4 7 1 4 4 1 9 6 3 2 3 3 4 6 7 4 3 2 3 3 7 6 4 7 1 4 0 0 6 6 4 7 1 4 4 10 6 4 7 1 4 4 10 6 4 7 1 4 4 10 6 4 7 1 4 0 0 6 6 4 7 1 4 4 10 6 
7 1 4 4 10 6 4 7 1 4 4 10 6 4 7 1 4 4 10 6 4 7 1 4 0 0 6 6 4 7 1 4 4 10 6 4 7 1 4 3 1 1 6 6 9 6 3 6 2 3 3 4 6 7 4 3 6 2 3 3 7 6 4 7 1 4 0 0 6 6 4 7 1 4 4 10 6 4 7 1 4 4 10 6 4 7 1 4 4 10 6 4 7 1 4 0 0 6 6 4 7 1 4 4 10 6 4 7 1 4 4 10 6 4 7 1 4 4 10 6 4 7 1 4 0 0 6 6 4 7 1 4 4 10 6 4 7 1 4 4 10 6 4 7 1 4 4 10 6 4 7 1 4 0 0 6 6 4 7 1 4 4 10 6 4 7 1 4 4 1 9 6 3 2 3 3 4 6 7 4 3 2 3 3 7 6 4 7 1 4 0 0 6 6 4 7 1 4 4 10 6 4 7 1 4 4 10 6 4 7 1 4 4 10 6 4 7 1 4 0 0 6 6 4 7 1 4 4 10 6 4 7 1 4 4 
7 1 4 4 10 6 4 7 1 4 4 10 6 4 7 1 4 0 0 6 6 4 7 1 4 4 10 6 4 7 1 4 3 1 1 6 6 9 6 3 6 2 3 3 4 6 7 4 3 6 2 3 3 7 6 4 7 1 4 0 0 6 6 4 7 1 4 4 10 6 4 7 1 4 4 10 6 4 7 1 4 4 10 6 4 7 1 4 0 0 6 6 4 7 1 4 4 10 6 4 7 1 4 4 10 6 4 7 1 4 4 10 6 4 7 1 4 0 0 6 6 4 7 1 4 4 10 6 4 7 1 4 4 10 6 4 7 1 4 4 10 6 4 7 1 4 0 0 6 6 4 7 1 4 4 10 6 4 7 1 4 4 1 9 6 3 2 3 3 4 6 7 4 3 2 3 3 7 6 4 7 1 4 0 0 6 6 4 7 1 4 4 10 6 4 7 1 4 4 10 6 4 7 1 4 4 10 6 4 7 1 4 0 0 6 6 4 7 1 4 4 10 6 4 7 1 4 4 10 6 4 7 1 4 4 
7 1 4 4 10 6 4 7 1 4 0 0 6 6 4 7 1 4 4 10 6 4 7 1 4 3 1 1 6 6 9 6 3 6 2 3 3 4 6 7 4 3 6 2 3 3 7 6 4 7 1 4 0 0 6 6 4 7 1 4 4 10 6 4 7 1 4 4 10 6 4 7 1 4 4 10 6 4 7 1 4 0 0 6 6 4 7 1 4 4 10 6 4 7 1 4 4 10 6 4 7 1 4 4 10 6 4 7 1 4 0 0 6 6 4 7 1 4 4 10 6 4 7 1 4 4 10 6 4 7 1 4 4 10 6 4 7 1 4 0 0 6 6 4 7 1 4 4 10 6 4 7 1 4 4 1 9 6 3 2 3 3 4 6 7 4 3 2 3 3 7 6 4 7 1 4 0 0 6 6 4 7 1 4 4 10 6 4 7 1 4 4 10 6 4 7 1 4 4 10 6 4 7 1 4 0 0 6 6 4 7 1 4 4 10 6 4 7 1 4 4 10 6 4 7 1 4 4 10 6 4 7 1 4 0 0 
7 1 4 0 0 6 6 4 7 1 4 4 10 6 4 7 1 4 3 1 1 6 6 9 6 3 6 2 3 3 4 6 7 4 3 6 2 3 3 7 6 4 7 1 4 0 0 6 6 4 7 1 4 4 10 6 4 7 1 4 4 10 6 4 7 1 4 4 10 6 4 7 1 4 0 0 6 6 4 7 1 4 4 10 6 4 7 1 4 4 10 6 4 7 1 4 4 10 6 4 7 1 4 0 0 6 6 4 7 1 4 4 10 6 4 7 1 4 4 10 6 4 7 1 4 4 10 6 4 7 1 4 0 0 6 6 4 7 1 4 4 10 6 4 7 1 4 4 1 9 6 3 2 3 3 4 6 7 4 3 2 3 3 7 6 4 7 1 4 0 0 6 6 4 7 1 4 4 10 6 4 7 1 4 4 10 6 4 7 1 4 4 10 6 4 7 1 4 0 0 6 6 4 7 1 4 4 10 6 4 7 1 4 4 10 6 4 7 1 4 4 10 6 4 7 1 4 0 0 6 6 4 7 1 4 4 
7 1 4 4 10 6 4 7 1 4 3 1 1 6 6 9 6 3 6 2 3 3 4 6 7 4 3 6 2 3 3 7 6 4 7 1 4 0 0 6 6 4 7 1 4 4 10 6 4 7 1 4 4 10 6 4 7 1 4 4 10 6 4 7 1 4 0 0 6 6 4 7 1 4 4 10 6 4 7 1 4 4 10 6 4 7 1 4 4 10 6 4 7 1 4 0 0 6 6 4 7 1 4 4 10 6 4 7 1 4 4 10 6 4 7 1 4 4 10 6 4 7 1 4 0 0 6 6 4 7 1 4 4 10 6 4 7 1 4 4 1 9 6 3 2 3 3 4 6 7 4 3 2 3 3 7 6 4 7 1 4 0 0 6 6 4 7 1 4 4 10 6 4 7 1 4 4 10 6 4 7 1 4 4 10 6 4 7 1 4 0 0 6 6 4 7 1 4 4 10 6 4 7 1 4 4 10 6 4 7 1 4 4 10 6 4 7 1 4 0 0 6 6 4 7 1 4 4 10 6 4 7 1 4 4 
7 1 4 3 1 1 6 6 9 6 3 6 2 3 3 4 6 7 4 3 6 2 3 3 7 6 4 7 1 4 0 0 6 6 4 7 1 4 4 10 6 4 7 1 4 4 10 6 4 7 1 4 4 10 6 4 7 1 4 0 0 6 6 4 7 1 4 4 10 6 4 7 1 4 4 10 6 4 7 1 4 4 10 6 4 7 1 4 0 0 6 6 4 7 1 4 4 10 6 4 7 1 4 4 10 6 4 7 1 4 4 10 6 4 7 1 4 0 0 6 6 4 7 1 4 4 10 6 4 7 1 4 4 1 9 6 3 2 3 3 4 6 7 4 3 2 3 3 7 6 4 7 1 4 0 0 6 6 4 7 1 4 4 10 6 4 7 1 4 4 10 6 4 7 1 4 4 10 6 4 7 1 4 0 0 6 6 4 7 1 4 4 10 6 4 7 1 4 4 10 6 4 7 1 4 4 10 6 4 7 1 4 0 0 6 6 4 7 1 4 4 10 6 4 7 1 4 4 10 6 4 7 1 4 4 
4 6 7 4 3 6 2 3 3 7 6 4 7 1 4 0 0 6 6 4 7 1 4 4 10 6 4 7 1 4 4 10 6 4 7 1 4 4 10 6 4 7 1 4 0 0 6 6 4 7 1 4 4 10 6 4 7 1 4 4 10 6 4 7 1 4 4 10 6 4 7 1 4 0 0 6 6 4 7 1 4 4 10 6 4 7 1 4 4 10 6 4 7 1 4 4 10 6 4 7 1 4 0 0 6 6 4 7 1 4 4 10 6 4 7 1 4 4 1 9 6 3 2 3 3 4 6 7 4 3 2 3 3 7 6 4 7 1 4 0 0 6 6 4 7 1 4 4 10 6 4 7 1 4 4 10 6 4 7 1 4 4 10 6 4 7 1 4 0 0 6 6 4 7 1 4 4 10 6 4 7 1 4 4 10 6 4 7 1 4 4 10 6 4 7 1 4 0 0 6 6 4 7 1 4 4 10 6 4 7 1 4 4 10 6 4 7 1 4 4 10 6 4 7 1 4 0 0 
7 1 4 0 0 6 6 4 7 1 4 4 10 6 4 7 1 4 4 10 6 4 7 1 4 4 10 6 4 7 1 4 0 0 6 6 4 7 1 4 4 10 6 4 7 1 4 4 10 6 4 7 1 4 4 10 6 4 7 1 4 0 0 6 6 4 7 1 4 4 10 6 4 7 1 4 4 10 6 4 7 1 4 4 10 6 4 7 1 4 0 0 6 6 4 7 1 4 4 10 6 4 7 1 4 4 1 9 6 3 2 3 3 4 6 7 4 3 2 3 3 7 6 4 7 1 4 0 0 6 6 4 7 1 4 4 10 6 4 7 1 4 4 10 6 4 7 1 4 4 10 6 4 7 1 4 0 0 6 6 4 7 1 4 4 10 6 4 7 1 4 4 10 6 4 7 1 4 4 10 6 4 7 1 4 0 0 6 6 4 7 1 4 4 10 6 4 7 1 4 4 10 6 4 7 1 4 4 10 6 4 7 1 4 0 0 6 6 4 7 1 4 4 
7 1 4 4 10 6 4 7 1 4 4 10 6 4 7 1 4 4 10 6 4 7 1 4 0 0 6 6 4 7 1 4 4 10 6 4 7 1 4 4 10 6 4 7 1 4 4 10 6 4 7 1 4 0 0 6 6 4 7 1 4 4 10 6 4 7 1 4 4 10 6 4 7 1 4 4 10 6 4 7 1 4 0 0 6 6 4 7 1 4 4 10 6 4 7 1 4 4 1 9 6 3 2 3 3 4 6 7 4 3 2 3 3 7 6 4 7 1 4 0 0 6 6 4 7 1 4 4 10 6 4 7 1 4 4 10 6 4 7 1 4 4 10 6 4 7 1 4 0 0 6 6 4 7 1 4 4 10 6 4 7 1 4 4 10 6 4 7 1 4 4 10 6 4 7 1 4 0 0 6 6 4 7 1 4 4 10 6 4 7 1 4 4 10 6 4 7 1 4 4 10 6 4 7 1 4 0 0 6 6 4 7 1 4 4 10 6 3 1 7 1 4 4 
7 1 4 4 10 6 4 7 1 4 4 10 6 4 7 1 4 0 0 6 6 4 7 1 4 4 10 6 4 7 1 4 4 10 6 4 7 1 4 4 10 6 4 7 1 4 0 0 6 6 4 7 1 4 4 10 6 4 7 1 4 4 10 6 4 7 1 4 4 10 6 4 7 1 4 0 0 6 6 4 7 1 4 4 10 6 4 7 1 4 4 1 9 6 3 2 3 3 4 6 7 4 3 2 3 3 7 6 4 7 1 4 0 0 6 6 4 7 1 4 4 10 6 4 7 1 4 4 10 6 4 7 1 4 4 10 6 4 7 1 4 0 0 6 6 4 7 1 4 4 10 6 4 7 1 4 4 10 6 4 7 1 4 4 10 6 4 7 1 4 0 0 6 6 4 7 1 4 4 10 6 4 7 1 4 4 10 6 4 7 1 4 4 10 6 4 7 1 4 0 0 6 6 4 7 1 4 4 10 6 3 1 7 1 4 4 7 3 6 3 7 7 1 4 3 6 1 
7 1 4 4 10 6 4 7 1 4 0 0 6 6 4 7 1 4 4 10 6 4 7 1 4 4 10 6 4 7 1 4 4 10 6 4 7 1 4 0 0 6 6 4 7 1 4 4 10 6 4 7 1 4 4 10 6 4 7 1 4 4 10 6 4 7 1 4 0 0 6 6 4 7 1 4 4 10 6 4 7 1 4 4 1 9 6 3 2 3 3 4 6 7 4 3 2 3 3 7 6 4 7 1 4 0 0 6 6 4 7 1 4 4 10 6 4 7 1 4 4 10 6 4 7 1 4 4 10 6 4 7 1 4 0 0 6 6 4 7 1 4 4 10 6 4 7 1 4 4 10 6 4 7 1 4 4 10 6 4 7 1 4 0 0 6 6 4 7 1 4 4 10 6 4 7 1 4 4 10 6 4 7 1 4 4 10 6 4 7 1 4 0 0 6 6 4 7 1 4 4 10 6 3 1 7 1 4 4 7 3 6 3 7 7 1 4 3 6 1 1 9 6 4 7 1 4 0 
7 1 4 0 0 6 6 4 7 1 4 4 10 6 4 7 1 4 4 10 6 4 7 1 4 4 10 6 4 7 1 4 0 0 6 6 4 7 1 4 4 10 6 4 7 1 4 4 10 6 4 7 1 4 4 10 6 4 7 1 4 0 0 6 6 4 7 1 4 4 10 6 4 7 1 4 4 1 9 6 3 2 3 3 4 6 7 4 3 2 3 3 7 6 4 7 1 4 0 0 6 6 4 7 1 4 4 10 6 4 7 1 4 4 10 6 4 7 1 4 4 10 6 4 7 1 4 0 0 6 6 4 7 1 4 4 10 6 4 7 1 4 4 10 6 4 7 1 4 4 10 6 4 7 1 4 0 0 6 6 4 7 1 4 4 10 6 4 7 1 4 4 10 6 4 7 1 4 4 10 6 4 7 1 4 0 0 6 6 4 7 1 4 4 10 6 3 1 7 1 4 4 7 3 6 3 7 7 1 4 3 6 1 1 9 6 4 7 1 4 0 0 6 6 4 7 1 4 4 
7 1 4 4 10 6 4 7 1 4 4 10 6 4 7 1 4 4 10 6 4 7 1 4 0 0 6 6 4 7 1 4 4 10 6 4 7 1 4 4 10 6 4 7 1 4 4 10 6 4 7 1 4 0 0 6 6 4 7 1 4 4 10 6 4 7 1 4 4 1 9 6 3 2 3 3 4 6 7 4 3 2 3 3 7 6 4 7 1 4 0 0 6 6 4 7 1 4 4 10 6 4 7 1 4 4 10 6 4 7 1 4 4 10 6 4 7 1 4 0 0 6 6 4 7 1 4 4 10 6 4 7 1 4 4 10 6 4 7 1 4 4 10 6 4 7 1 4 0 0 6 6 4 7 1 4 4 10 6 4 7 1 4 4 10 6 4 7 1 4 4 10 6 4 7 1 4 0 0 6 6 4 7 1 4 4 10 6 3 1 7 1 4 4 7 3 6 3 7 7 1 4 3 6 1 1 9 6 4 7 1 4 0 0 6 6 4 7 1 4 4 10 6 4 7 1 4 4 
7 1 4 4 10 6 4 7 1 4 4 10 6 4 7 1 4 0 0 6 6 4 7 1 4 4 10 6 4 7 1 4 4 10 6 4 7 1 4 4 10 6 4 7 1 4 0 0 6 6 4 7 1 4 4 10 6 4 7 1 4 4 1 9 6 3 2 3 3 4 6 7 4 3 2 3 3 7 6 4 7 1 4 0 0 6 6 4 7 1 4 4 10 6 4 7 1 4 4 10 6 4 7 1 4 4 10 6 4 7 1 4 0 0 6 6 4 7 1 4 4 10 6 4 7 1 4 4 10 6 4 7 1 4 4 10 6 4 7 1 4 0 0 6 6 4 7 1 4 4 10 6 4 7 1 4 4 10 6 4 7 1 4 4 10 6 4 7 1 4 0 0 6 6 4 7 1 4 4 10 6 3 1 7 1 4 4 7 3 6 3 7 7 1 4 3 6 1 1 9 6 4 7 1 4 0 0 6 6 4 7 1 4 4 10 6 4 7 1 4 4 10 6 4 7 1 4 4 
7 1 4 4 10 6 4 7 1 4 0 0 6 6 4 7 1 4 4 10 6 4 7 1 4 4 10 6 4 7 1 4 4 10 6 4 7 1 4 0 0 6 6 4 7 1 4 4 10 6 4 7 1 4 4 1 9 6 3 2 3 3 4 6 7 4 3 2 3 3 7 6 4 7 1 4 0 0 6 6 4 7 1 4 4 10 6 4 7 1 4 4 10 6 4 7 1 4 4 10 6 4 7 1 4 0 0 6 6 4 7 1 4 4 10 6 4 7 1 4 4 10 6 4 7 1 4 4 10 6 4 7 1 4 0 0 6 6 4 7 1 4 4 10 6 4 7 1 4 4 10 6 4 7 1 4 4 10 6 4 7 1 4 0 0 6 6 4 7 1 4 4 10 6 3 1 7 1 4 4 7 3 6 3 7 7 1 4 3 6 1 1 9 6 4 7 1 4 0 0 6 6 4 7 1 4 4 10 6 4 7 1 4 4 10 6 4 7 1 4 4 10 6 4 7 1 4 0 
4 7 1 4 0 0 6 6 4 7 1 4 4 10 6 4 7 1 4 4 10 6 4 7 1 4 4 10 6 4 7 1 4 0 0 6 6 4 7 1 4 4 10 6 4 7 1 4 4 1 9 6 3 2 3 3 4 6 7 4 3 2 3 3 7 6 4 7 1 4 0 0 6 6 4 7 1 4 4 10 6 4 7 1 4 4 10 6 4 7 1 4 4 10 6 4 7 1 4 0 0 6 6 4 7 1 4 4 10 6 4 7 1 4 4 10 6 4 7 1 4 4 10 6 4 7 1 4 0 0 6 6 4 7 1 4 4 10 6 4 7 1 4 4 10 6 4 7 1 4 4 10 6 4 7 1 4 0 0 6 6 4 7 1 4 4 10 6 3 1 7 1 4 4 7 3 6 3 7 7 1 4 3 6 1 1 9 6 4 7 1 4 0 0 6 6 4 7 1 4 4 10 6 4 7 1 4 4 10 6 4 7 1 4 4 10 6 4 7 1 4 0 0 6 6 4 7 1 4 
4 7 1 4 4 10 6 4 7 1 4 4 10 6 4 7 1 4 4 10 6 4 7 1 4 0 0 6 6 4 7 1 4 4 10 6 4 7 1 4 4 1 9 6 3 2 3 3 4 6 7 4 3 2 3 3 7 6 4 7 1 4 0 0 6 6 4 7 1 4 4 10 6 4 7 1 4 4 10 6 4 7 1 4 4 10 6 4 7 1 4 0 0 6 6 4 7 1 4 4 10 6 4 7 1 4 4 10 6 4 7 1 4 4 10 6 4 7 1 4 0 0 6 6 4 7 1 4 4 10 6 4 7 1 4 4 10 6 4 7 1 4 4 10 6 4 7 1 4 0 0 6 6 4 7 1 4 4 10 6 3 1 7 1 4 4 7 3 6 3 7 7 1 4 3 6 1 1 9 6 4 7 1 4 0 0 6 6 4 7 1 4 4 10 6 4 7 1 4 4 10 6 4 7 1 4 4 10 6 4 7 1 4 0 0 6 6 4 7 1 4 4 10 6 4 7 1 4 
4 7 1 4 4 10 6 4 7 1 4 4 10 6 4 7 1 4 0 0 6 6 4 7 1 4 4 10 6 4 7 1 4 4 1 9 6 3 2 3 3 4 6 7 4 3 2 3 3 7 6 4 7 1 4 0 0 6 6 4 7 1 4 4 10 6 4 7 1 4 4 10 6 4 7 1 4 4 10 6 4 7 1 4 0 0 6 6 4 7 1 4 4 10 6 4 7 1 4 4 10 6 4 7 1 4 4 10 6 4 7 1 4 0 0 6 6 4 7 1 4 4 10 6 4 7 1 4 4 10 6 4 7 1 4 4 10 6 4 7 1 4 0 0 6 6 4 7 1 4 4 10 6 3 1 7 1 4 4 7 3 6 3 7 7 1 4 3 6 1 1 9 6 4 7 1 4 0 0 6 6 4 7 1 4 4 10 6 4 7 1 4 4 10 6 4 7 1 4 4 10 6 4 7 1 4 0 0 6 6 4 7 1 4 4 10 6 4 7 1 4 4 10 6 4 7 1 4 
4 7 1 4 4 10 6 4 7 1 4 0 0 6 6 4 7 1 4 4 10 6 4 7 1 4 4 1 9 6 3 2 3 3 4 6 7 4 3 2 3 3 7 6 4 7 1 4 0 0 6 6 4 7 1 4 4 10 6 4 7 1 4 4 10 6 4 7 1 4 4 10 6 4 7 1 4 0 0 6 6 4 7 1 4 4 10 6 4 7 1 4 4 10 6 4 7 1 4 4 10 6 4 7 1 4 0 0 6 6 4 7 1 4 4 10 6 4 7 1 4 4 10 6 4 7 1 4 4 10 6 4 7 1 4 0 0 6 6 4 7 1 4 4 10 6 3 1 7 1 4 4 7 3 6 3 7 7 1 4 3 6 1 1 9 6 4 7 1 4 0 0 6 6 4 7 1 4 4 10 6 4 7 1 4 4 10 6 4 7 1 4 4 10 6 4 7 1 4 0 0 6 6 4 7 1 4 4 10 6 4 7 1 4 4 10 6 4 7 1 4 4 10 6 4 7 1 4 
4 7 1 4 0 0 6 6 4 7 1 4 4 10 6 4 7 1 4 4 1 9 6 3 2 3 3 4 6 7 4 3 2 3 3 7 6 4 7 1 4 0 0 6 6 4 7 1 4 4 10 6 4 7 1 4 4 10 6 4 7 1 4 4 10 6 4 7 1 4 0 0 6 6 4 7 1 4 4 10 6 4 7 1 4 4 10 6 4 7 1 4 4 10 6 4 7 1 4 0 0 6 6 4 7 1 4 4 10 6 4 7 1 4 4 10 6 4 7 1 4 4 10 6 4 7 1 4 0 0 6 6 4 7 1 4 4 10 6 3 1 7 1 4 4 7 3 6 3 7 7 1 4 3 6 1 1 9 6 4 7 1 4 0 0 6 6 4 7 1 4 4 10 6 4 7 1 4 4 10 6 4 7 1 4 4 10 6 4 7 1 4 0 0 6 6 4 7 1 4 4 10 6 4 7 1 4 4 10 6 4 7 1 4 4 10 6 4 7 1 4 0 0 6 6 4 7 1 4 
4 7 1 4 4 10 6 4 7 1 4 4 1 9 6 3 2 3 3 4 6 7 4 3 2 3 3 7 6 4 7 1 4 0 0 6 6 4 7 1 4 4 10 6 4 7 1 4 4 10 6 4 7 1 4 4 10 6 4 7 1 4 0 0 6 6 4 7 1 4 4 10 6 4 7 1 4 4 10 6 4 7 1 4 4 10 6 4 7 1 4 0 0 6 6 4 7 1 4 4 10 6 4 7 1 4 4 10 6 4 7 1 4 4 10 6 4 7 1 4 0 0 6 6 4 7 1 4 4 10 6 3 1 7 1 4 4 7 3 6 3 7 7 1 4 3 6 1 1 9 6 4 7 1 4 0 0 6 6 4 7 1 4 4 10 6 4 7 1 4 4 10 6 4 7 1 4 4 10 6 4 7 1 4 0 0 6 6 4 7 1 4 4 10 6 4 7 1 4 4 10 6 4 7 1 4 4 10 6 4 7 1 4 0 0 6 6 4 7 1 4 4 10 6 4 7 1 4 
4 7 1 4 4 1 9 6 3 2 3 3 4 6 7 4 3 2 3 3 7 6 4 7 1 4 0 0 6 6 4 7 1 4 4 10 6 4 7 1 4 4 10 6 4 7 1 4 4 10 6 4 7 1 4 0 0 6 6 4 7 1 4 4 10 6 4 7 1 4 4 10 6 4 7 1 4 4 10 6 4 7 1 4 0 0 6 6 4 7 1 4 4 10 6 4 7 1 4 4 10 6 4 7 1 4 4 10 6 4 7 1 4 0 0 6 6 4 7 1 4 4 10 6 3 1 7 1 4 4 7 3 6 3 7 7 1 4 3 6 1 1 9 6 4 7 1 4 0 0 6 6 4 7 1 4 4 10 6 4 7 1 4 4 10 6 4 7 1 4 4 10 6 4 7 1 4 0 0 6 6 4 7 1 4 4 10 6 4 7 1 4 4 10 6 4 7 1 4 4 10 6 4 7 1 4 0 0 6 6 4 7 1 4 4 10 6 4 7 1 4 4 10 6 4 7 1 4 
3 2 3 3 4 6 7 4 3 2 3 3 7 6 4 7 1 4 0 0 6 6 4 7 1 4 4 10 6 4 7 1 4 4 10 6 4 7 1 4 4 10 6 4 7 1 4 0 0 6 6 4 7 1 4 4 10 6 4 7 1 4 4 10 6 4 7 1 4 4 10 6 4 7 1 4 0 0 6 6 4 7 1 4 4 10 6 4 7 1 4 4 10 6 4 7 1 4 4 10 6 4 7 1 4 0 0 6 6 4 7 1 4 4 10 6 3 1 7 1 4 4 7 3 6 3 7 7 1 4 3 6 1 1 9 6 4 7 1 4 0 0 6 6 4 7 1 4 4 10 6 4 7 1 4 4 10 6 4 7 1 4 4 10 6 4 7 1 4 0 0 6 6 4 7 1 4 4 10 6 4 7 1 4 4 10 6 4 7 1 4 4 10 6 4 7 1 4 0 0 6 6 4 7 1 4 4 10 6 4 7 1 4 4 10 6 4 7 1 4 4 10 6 4 7 1 4 
4 7 1 4 0 0 6 6 4 7 1 4 4 10 6 4 7 1 4 4 10 6 4 7 1 4 4 10 6 4 7 1 4 0 0 6 6 4 7 1 4 4 10 6 4 7 1 4 4 10 6 4 7 1 4 4 10 6 4 7 1 4 0 0 6 6 4 7 1 4 4 10 6 4 7 1 4 4 10 6 4 7 1 4 4 10 6 4 7 1 4 0 0 6 6 4 7 1 4 4 10 6 3 1 7 1 4 4 7 3 6 3 7 7 1 4 3 6 1 1 9 6 4 7 1 4 0 0 6 6 4 7 1 4 4 10 6 4 7 1 4 4 10 6 4 7 1 4 4 10 6 4 7 1 4 0 0 6 6 4 7 1 4 4 10 6 4 7 1 4 4 10 6 4 7 1 4 4 10 6 4 7 1 4 0 0 6 6 4 7 1 4 4 10 6 4 7 1 4 4 10 6 4 7 1 4 4 10 6 4 7 1 4 0 0 6 6 4 7 1 4 
4 7 1 4 4 10 6 4 7 1 4 4 10 6 4 7 1 4 4 10 6 4 7 1 4 0 0 6 6 4 7 1 4 4 10 6 4 7 1 4 4 10 6 4 7 1 4 4 10 6 4 7 1 4 0 0 6 6 4 7 1 4 4 10 6 4 7 1 4 4 10 6 4 7 1 4 4 10 6 4 7 1 4 0 0 6 6 4 7 1 4 4 10 6 3 1 7 1 4 4 7 3 6 3 7 7 1 4 3 6 1 1 9 6 4 7 1 4 0 0 6 6 4 7 1 4 4 10 6 4 7 1 4 4 10 6 4 7 1 4 4 10 6 4 7 1 4 0 0 6 6 4 7 1 4 4 10 6 4 7 1 4 4 10 6 4 7 1 4 4 10 6 4 7 1 4 0 0 6 6 4 7 1 4 4 10 6 4 7 1 4 4 10 6 4 7 1 4 4 10 6 4 7 1 4 0 0 6 6 4 7 1 4 4 10 6 3 1 7 6 7 4 
4 7 1 4 4 10 6 4 7 1 4 4 10 6 4 7 1 4 0 0 6 6 4 7 1 4 4 10 6 4 7 1 4 4 10 6 4 7 1 4 4 10 6 4 7 1 4 0 0 6 6 4 7 1 4 4 10 6 4 7 1 4 4 10 6 4 7 1 4 4 10 6 4 7 1 4 0 0 6 6 4 7 1 4 4 10 6 3 1 7 1 4 4 7 3 6 3 7 7 1 4 3 6 1 1 9 6 4 7 1 4 0 0 6 6 4 7 1 4 4 10 6 4 7 1 4 4 10 6 4 7 1 4 4 10 6 4 7 1 4 0 0 6 6 4 7 1 4 4 10 6 4 7 1 4 4 10 6 4 7 1 4 4 10 6 4 7 1 4 0 0 6 6 4 7 1 4 4 10 6 4 7 1 4 4 10 6 4 7 1 4 4 10 6 4 7 1 4 0 0 6 6 4 7 1 4 4 10 6 3 1 7 6 7 4 4 7 6 9 6 3 6 6 4 3 7 4 4 6 7 4 
4 7 1 4 4 10 6 4 7 1 4 0 0 6 6 4 7 1 4 4 10 6 4 7 1 4 4 10 6 4 7 1 4 4 10 6 4 7 1 4 0 0 6 6 4 7 1 4 4 10 6 4 7 1 4 4 10 6 4 7 1 4 4 10 6 4 7 1 4 0 0 6 6 4 7 1 4 4 10 6 3 1 7 1 4 4 7 3 6 3 7 7 1 4 3 6 1 1 9 6 4 7 1 4 0 0 6 6 4 7 1 4 4 10 6 4 7 1 4 4 10 6 4 7 1 4 4 10 6 4 7 1 4 0 0 6 6 4 7 1 4 4 10 6 4 7 1 4 4 10 6 4 7 1 4 4 10 6 4 7 1 4 0 0 6 6 4 7 1 4 4 10 6 4 7 1 4 4 10 6 4 7 1 4 4 10 6 4 7 1 4 0 0 6 6 4 7 1 4 4 10 6 3 1 7 6 7 4 4 7 6 9 6 3 6 6 4 3 7 4 4 6 7 4 3 2 3 3 7 6 4 7 1 4 
4 7 1 4 0 0 6 6 4 7 1 4 4 10 6 4 7 1 4 4 10 6 4 7 1 4 4 10 6 4 7 1 4 0 0 6 6 4 7 1 4 4 10 6 4 7 1 4 4 10 6 4 7 1 4 4 10 6 4 7 1 4 0 0 6 6 4 7 1 4 4 10 6 3 1 7 1 4 4 7 3 6 3 7 7 1 4 3 6 1 1 9 6 4 7 1 4 0 0 6 6 4 7 1 4 4 10 6 4 7 1 4 4 10 6 4 7 1 4 4 10 6 4 7 1 4 0 0 6 6 4 7 1 4 4 10 6 4 7 1 4 4 10 6 4 7 1 4 4 10 6 4 7 1 4 0 0 6 6 4 7 1 4 4 10 6 4 7 1 4 4 10 6 4 7 1 4 4 10 6 4 7 1 4 0 0 6 6 4 7 1 4 4 10 6 3 1 7 6 7 4 4 7 6 9 6 3 6 6 4 3 7 4 4 6 7 4 3 2 3 3 7 6 4 7 1 4 0 0 6 6 4 7 1 4 
4 7 1 4 4 10 6 4 7 1 4 4 10 6 4 7 1 4 4 10 6 4 7 1 4 0 0 6 6 4 7 1 4 4 10 6 4 7 1 4 4 10 6 4 7 1 4 4 10 6 4 7 1 4 0 0 6 6 4 7 1 4 4 10 6 3 1 7 1 4 4 7 3 6 3 7 7 1 4 3 6 1 1 9 6 4 7 1 4 0 0 6 6 4 7 1 4 4 10 6 4 7 1 4 4 10 6 4 7 1 4 4 10 6 4 7 1 4 0 0 6 6 4 7 1 4 4 10 6 4 7 1 4 4 10 6 4 7 1 4 4 10 6 4 7 1 4 0 0 6 6 4 7 1 4 4 10 6 4 7 1 4 4 10 6 4 7 1 4 4 10 6 4 7 1 4 0 0 6 6 4 7 1 4 4 10 6 3 1 7 6 7 4 4 7 6 9 6 3 6 6 4 3 7 4 4 6 7 4 3 2 3 3 7 6 4 7 1 4 0 0 6 6 4 7 1 4 4 10 6 4 7 1 4 
4 7 1 4 4 10 6 4 7 1 4 4 10 6 4 7 1 4 0 0 6 6 4 7 1 4 4 10 6 4 7 1 4 4 10 6 4 7 1 4 4 10 6 4 7 1 4 0 0 6 6 4 7 1 4 4 10 6 3 1 7 1 4 4 7 3 6 3 7 7 1 4 3 6 1 1 9 6 4 7 1 4 0 0 6 6 4 7 1 4 4 10 6 4 7 1 4 4 10 6 4 7 1 4 4 10 6 4 7 1 4 0 0 6 6 4 7 1 4 4 10 6 4 7 1 4 4 10 6 4 7 1 4 4 10 6 4 7 1 4 0 0 6 6 4 7 1 4 4 10 6 4 7 1 4 4 10 6 4 7 1 4 4 10 6 4 7 1 4 0 0 6 6 4 7 1 4 4 10 6 3 1 7 6 7 4 4 7 6 9 6 3 6 6 4 3 7 4 4 6 7 4 3 2 3 3 7 6 4 7 1 4 0 0 6 6 4 7 1 4 4 10 6 4 7 1 4 4 10 6 4 7 1 4 
10 6 4 7 1 4 4 10 6 4 7 1 4 0 0 6 6 4 7 1 4 4 10 6 4 7 1 4 4 10 6 4 7 1 4 4 10 6 4 7 1 4 0 0 6 6 4 7 1 4 4 10 6 3 1 7 1 4 4 7 3 6 3 7 7 1 4 3 6 1 1 9 6 4 7 1 4 0 0 6 6 4 7 1 4 4 10 6 4 7 1 4 4 10 6 4 7 1 4 4 10 6 4 7 1 4 0 0 6 6 4 7 1 4 4 10 6 4 7 1 4 4 10 6 4 7 1 4 4 10 6 4 7 1 4 0 0 6 6 4 7 1 4 4 10 6 4 7 1 4 4 10 6 4 7 1 4 4 10 6 4 7 1 4 0 0 6 6 4 7 1 4 4 10 6 3 1 7 6 7 4 4 7 6 9 6 3 6 6 4 3 7 4 4 6 7 4 3 2 3 3 7 6 4 7 1 4 0 0 6 6 4 7 1 4 4 10 6 4 7 1 4 4 10 6 4 7 1 4 4 10 6 4 
10 6 4 7 1 4 0 0 6 6 4 7 1 4 4 10 6 4 7 1 4 4 10 6 4 7 1 4 4 10 6 4 7 1 4 0 0 6 6 4 7 1 4 4 10 6 3 1 7 1 4 4 7 3 6 3 7 7 1 4 3 6 1 1 9 6 4 7 1 4 0 0 6 6 4 7 1 4 4 10 6 4 7 1 4 4 10 6 4 7 1 4 4 10 6 4 7 1 4 0 0 6 6 4 7 1 4 4 10 6 4 7 1 4 4 10 6 4 7 1 4 4 10 6 4 7 1 4 0 0 6 6 4 7 1 4 4 10 6 4 7 1 4 4 10 6 4 7 1 4 4 10 6 4 7 1 4 0 0 6 6 4 7 1 4 4 10 6 3 1 7 6 7 4 4 7 6 9 6 3 6 6 4 3 7 4 4 6 7 4 3 2 3 3 7 6 4 7 1 4 0 0 6 6 4 7 1 4 4 10 6 4 7 1 4 4 10 6 4 7 1 4 4 10 6 4 7 1 4 0 0 6 6 4 
6 6 4 7 1 4 4 10 6 4 7 1 4 4 10 6 4 7 1 4 4 10 6 4 7 1 4 0 0 6 6 4 7 1 4 4 10 6 3 1 7 1 4 4 7 3 6 3 7 7 1 4 3 6 1 1 9 6 4 7 1 4 0 0 6 6 4 7 1 4 4 10 6 4 7 1 4 4 10 6 4 7 1 4 4 10 6 4 7 1 4 0 0 6 6 4 7 1 4 4 10 6 4 7 1 4 4 10 6 4 7 1 4 4 10 6 4 7 1 4 0 0 6 6 4 7 1 4 4 10 6 4 7 1 4 4 10 6 4 7 1 4 4 10 6 4 7 1 4 0 0 6 6 4 7 1 4 4 10 6 3 1 7 6 7 4 4 7 6 9 6 3 6 6 4 3 7 4 4 6 7 4 3 2 3 3 7 6 4 7 1 4 0 0 6 6 4 7 1 4 4 10 6 4 7 1 4 4 10 6 4 7 1 4 4 10 6 4 7 1 4 0 0 6 6 4 7 1 4 4 10 6 4 
10 6 4 7 1 4 4 10 6 4 7 1 4 4 10 6 4 7 1 4 0 0 6 6 4 7 1 4 4 10 6 3 1 7 1 4 4 7 3 6 3 7 7 1 4 3 6 1 1 9 6 4 7 1 4 0 0 6 6 4 7 1 4 4 10 6 4 7 1 4 4 10 6 4 7 1 4 4 10 6 4 7 1 4 0 0 6 6 4 7 1 4 4 10 6 4 7 1 4 4 10 6 4 7 1 4 4 10 6 4 7 1 4 0 0 6 6 4 7 1 4 4 10 6 4 7 1 4 4 10 6 4 7 1 4 4 10 6 4 7 1 4 0 0 6 6 4 7 1 4 4 10 6 3 1 7 6 7 4 4 7 6 9 6 3 6 6 4 3 7 4 4 6 7 4 3 2 3 3 7 6 4 7 1 4 0 0 6 6 4 7 1 4 4 10 6 4 7 1 4 4 10 6 4 7 1 4 4 10 6 4 7 1 4 0 0 6 6 4 7 1 4 4 10 6 4 7 1 4 4 10 6 4 
10 6 4 7 1 4 4 10 6 4 7 1 4 0 0 6 6 4 7 1 4 4 10 6 3 1 7 1 4 4 7 3 6 3 7 7 1 4 3 6 1 1 9 6 4 7 1 4 0 0 6 6 4 7 1 4 4 10 6 4 7 1 4 4 10 6 4 7 1 4 4 10 6 4 7 1 4 0 0 6 6 4 7 1 4 4 10 6 4 7 1 4 4 10 6 4 7 1 4 4 10 6 4 7 1 4 0 0 6 6 4 7 1 4 4 10 6 4 7 1 4 4 10 6 4 7 1 4 4 10 6 4 7 1 4 0 0 6 6 4 7 1 4 4 10 6 3 1 7 6 7 4 4 7 6 9 6 3 6 6 4 3 7 4 4 6 7 4 3 2 3 3 7 6 4 7 1 4 0 0 6 6 4 7 1 4 4 10 6 4 7 1 4 4 10 6 4 7 1 4 4 10 6 4 7 1 4 0 0 6 6 4 7 1 4 4 10 6 4 7 1 4 4 10 6 4 7 1 4 4 10 6 4 
10 6 4 7 1 4 0 0 6 6 4 7 1 4 4 10 6 3 1 7 1 4 4 7 3 6 3 7 7 1 4 3 6 1 1 9 6 4 7 1 4 0 0 6 6 4 7 1 4 4 10 6 4 7 1 4 4 10 6 4 7 1 4 4 10 6 4 7 1 4 0 0 6 6 4 7 1 4 4 10 6 4 7 1 4 4 10 6 4 7 1 4 4 10 6 4 7 1 4 0 0 6 6 4 7 1 4 4 10 6 4 7 1 4 4 10 6 4 7 1 4 4 10 6 4 7 1 4 0 0 6 6 4 7 1 4 4 10 6 3 1 7 6 7 4 4 7 6 9 6 3 6 6 4 3 7 4 4 6 7 4 3 2 3 3 7 6 4 7 1 4 0 0 6 6 4 7 1 4 4 10 6 4 7 1 4 4 10 6 4 7 1 4 4 10 6 4 7 1 4 0 0 6 6 4 7 1 4 4 10 6 4 7 1 4 4 10 6 4 7 1 4 4 10 6 4 7 1 4 0 0 6 6 4 
6 6 4 7 1 4 4 10 6 3 1 7 1 4 4 7 3 6 3 7 7 1 4 3 6 1 1 9 6 4 7 1 4 0 0 6 6 4 7 1 4 4 10 6 4 7 1 4 4 10 6 4 7 1 4 4 10 6 4 7 1 4 0 0 6 6 4 7 1 4 4 10 6 4 7 1 4 4 10 6 4 7 1 4 4 10 6 4 7 1 4 0 0 6 6 4 7 1 4 4 10 6 4 7 1 4 4 10 6 4 7 1 4 4 10 6 4 7 1 4 0 0 6 6 4 7 1 4 4 10 6 3 1 7 6 7 4 4 7 6 9 6 3 6 6 4 3 7 4 4 6 7 4 3 2 3 3 7 6 4 7 1 4 0 0 6 6 4 7 1 4 4 10 6 4 7 1 4 4 10 6 4 7 1 4 4 10 6 4 7 1 4 0 0 6 6 4 7 1 4 4 10 6 4 7 1 4 4 10 6 4 7 1 4 4 10 6 4 7 1 4 0 0 6 6 4 7 1 4 4 10 6 4 
10 6 3 1 7 1 4 4 7 3 6 3 7 7 1 4 3 6 1 1 9 6 4 7 1 4 0 0 6 6 4 7 1 4 4 10 6 4 7 1 4 4 10 6 4 7 1 4 4 10 6 4 7 1 4 0 0 6 6 4 7 1 4 4 10 6 4 7 1 4 4 10 6 4 7 1 4 4 10 6 4 7 1 4 0 0 6 6 4 7 1 4 4 10 6 4 7 1 4 4 10 6 4 7 1 4 4 10 6 4 7 1 4 0 0 6 6 4 7 1 4 4 10 6 3 1 7 6 7 4 4 7 6 9 6 3 6 6 4 3 7 4 4 6 7 4 3 2 3 3 7 6 4 7 1 4 0 0 6 6 4 7 1 4 4 10 6 4 7 1 4 4 10 6 4 7 1 4 4 10 6 4 7 1 4 0 0 6 6 4 7 1 4 4 10 6 4 7 1 4 4 10 6 4 7 1 4 4 10 6 4 7 1 4 0 0 6 6 4 7 1 4 4 10 6 4 7 1 4 4 10 6 4 
7 3 6 3 7 7 1 4 3 6 1 1 9 6 4 7 1 4 0 0 6 6 4 7 1 4 4 10 6 4 7 1 4 4 10 6 4 7 1 4 4 10 6 4 7 1 4 0 0 6 6 4 7 1 4 4 10 6 4 7 1 4 4 10 6 4 7 1 4 4 10 6 4 7 1 4 0 0 6 6 4 7 1 4 4 10 6 4 7 1 4 4 10 6 4 7 1 4 4 10 6 4 7 1 4 0 0 6 6 4 7 1 4 4 10 6 3 1 7 6 7 4 4 7 6 9 6 3 6 6 4 3 7 4 4 6 7 4 3 2 3 3 7 6 4 7 1 4 0 0 6 6 4 7 1 4 4 10 6 4 7 1 4 4 10 6 4 7 1 4 4 10 6 4 7 1 4 0 0 6 6 4 7 1 4 4 10 6 4 7 1 4 4 10 6 4 7 1 4 4 10 6 4 7 1 4 0 0 6 6 4 7 1 4 4 10 6 4 7 1 4 4 10 6 4 7 1 4 4 10 6 4 
1 9 6 4 7 1 4 0 0 6 6 4 7 1 4 4 10 6 4 7 1 4 4 10 6 4 7 1 4 4 10 6 4 7 1 4 0 0 6 6 4 7 1 4 4 10 6 4 7 1 4 4 10 6 4 7 1 4 4 10 6 4 7 1 4 0 0 6 6 4 7 1 4 4 10 6 4 7 1 4 4 10 6 4 7 1 4 4 10 6 4 7 1 4 0 0 6 6 4 7 1 4 4 10 6 3 1 7 6 7 4 4 7 6 9 6 3 6 6 4 3 7 4 4 6 7 4 3 2 3 3 7 6 4 7 1 4 0 0 6 6 4 7 1 4 4 10 6 4 7 1 4 4 10 6 4 7 1 4 4 10 6 4 7 1 4 0 0 6 6 4 7 1 4 4 10 6 4 7 1 4 4 10 6 4 7 1 4 4 10 6 4 7 1 4 0 0 6 6 4 7 1 4 4 10 6 4 7 1 4 4 10 6 4 7 1 4 4 10 6 4 7 1 4 0 0 6 6 4 
0 6 6 4 7 1 4 4 10 6 4 7 1 4 4 10 6 4 7 1 4 4 10 6 4 7 1 4 0 0 6 6 4 7 1 4 4 10 6 4 7 1 4 4 10 6 4 7 1 4 4 10 6 4 7 1 4 0 0 6 6 4 7 1 4 4 10 6 4 7 1 4 4 10 6 4 7 1 4 4 10 6 4 7 1 4 0 0 6 6 4 7 1 4 4 10 6 3 1 7 6 7 4 4 7 6 9 6 3 6 6 4 3 7 4 4 6 7 4 3 2 3 3 7 6 4 7 1 4 0 0 6 6 4 7 1 4 4 10 6 4 7 1 4 4 10 6 4 7 1 4 4 10 6 4 7 1 4 0 0 6 6 4 7 1 4 4 10 6 4 7 1 4 4 10 6 4 7 1 4 4 10 6 4 7 1 4 0 0 6 6 4 7 1 4 4 10 6 4 7 1 4 4 10 6 4 7 1 4 4 10 6 4 7 1 4 0 0 6 6 4 7 1 4 4 10 6 4 
10 6 4 7 1 4 4 10 6 4 7 1 4 4 10 6 4 7 1 4 0 0 6 6 4 7 1 4 4 10 6 4 7 1 4 4 10 6 4 7 1 4 4 10 6 4 7 1 4 0 0 6 6 4 7 1 4 4 10 6 4 7 1 4 4 10 6 4 7 1 4 4 10 6 4 7 1 4 0 0 6 6 4 7 1 4 4 10 6 3 1 7 6 7 4 4 7 6 9 6 3 6 6 4 3 7 4 4 6 7 4 3 2 3 3 7 6 4 7 1 4 0 0 6 6 4 7 1 4 4 10 6 4 7 1 4 4 10 6 4 7 1 4 4 10 6 4 7 1 4 0 0 6 6 4 7 1 4 4 10 6 4 7 1 4 4 10 6 4 7 1 4 4 10 6 4 7 1 4 0 0 6 6 4 7 1 4 4 10 6 4 7 1 4 4 10 6 4 7 1 4 4 10 6 4 7 1 4 0 0 6 6 4 7 1 4 4 10 6 4 7 1 4 4 1 9 6 3 2 3 
10 6 4 7 1 4 4 10 6 4 7 1 4 0 0 6 6 4 7 1 4 4 10 6 4 7 1 4 4 10 6 4 7 1 4 4 10 6 4 7 1 4 0 0 6 6 4 7 1 4 4 10 6 4 7 1 4 4 10 6 4 7 1 4 4 10 6 4 7 1 4 0 0 6 6 4 7 1 4 4 10 6 3 1 7 6 7 4 4 7 6 9 6 3 6 6 4 3 7 4 4 6 7 4 3 2 3 3 7 6 4 7 1 4 0 0 6 6 4 7 1 4 4 10 6 4 7 1 4 4 10 6 4 7 1 4 4 10 6 4 7 1 4 0 0 6 6 4 7 1 4 4 10 6 4 7 1 4 4 10 6 4 7 1 4 4 10 6 4 7 1 4 0 0 6 6 4 7 1 4 4 10 6 4 7 1 4 4 10 6 4 7 1 4 4 10 6 4 7 1 4 0 0 6 6 4 7 1 4 4 10 6 4 7 1 4 4 1 9 6 3 2 3 3 4 6 7 4 3 2 3 3 7 6 4 
10 6 4 7 1 4 0 0 6 6 4 7 1 4 4 10 6 4 7 1 4 4 10 6 4 7 1 4 4 10 6 4 7 1 4 0 0 6 6 4 7 1 4 4 10 6 4 7 1 4 4 10 6 4 7 1 4 4 10 6 4 7 1 4 0 0 6 6 4 7 1 4 4 10 6 3 1 7 6 7 4 4 7 6 9 6 3 6 6 4 3 7 4 4 6 7 4 3 2 3 3 7 6 4 7 1 4 0 0 6 6 4 7 1 4 4 10 6 4 7 1 4 4 10 6 4 7 1 4 4 10 6 4 7 1 4 0 0 6 6 4 7 1 4 4 10 6 4 7 1 4 4 10 6 4 7 1 4 4 10 6 4 7 1 4 0 0 6 6 4 7 1 4 4 10 6 4 7 1 4 4 10 6 4 7 1 4 4 10 6 4 7 1 4 0 0 6 6 4 7 1 4 4 10 6 4 7 1 4 4 1 9 6 3 2 3 3 4 6 7 4 3 2 3 3 7 6 4 7 1 4 0 0 6 6 4 
0 6 6 4 7 1 4 4 10 6 4 7 1 4 4 10 6 4 7 1 4 4 10 6 4 7 1 4 0 0 6 6 4 7 1 4 4 10 6 4 7 1 4 4 10 6 4 7 1 4 4 10 6 4 7 1 4 0 0 6 6 4 7 1 4 4 10 6 3 1 7 6 7 4 4 7 6 9 6 3 6 6 4 3 7 4 4 6 7 4 3 2 3 3 7 6 4 7 1 4 0 0 6 6 4 7 1 4 4 10 6 4 7 1 4 4 10 6 4 7 1 4 4 10 6 4 7 1 4 0 0 6 6 4 7 1 4 4 10 6 4 7 1 4 4 10 6 4 7 1 4 4 10 6 4 7 1 4 0 0 6 6 4 7 1 4 4 10 6 4 7 1 4 4 10 6 4 7 1 4 4 10 6 4 7 1 4 0 0 6 6 4 7 1 4 4 10 6 4 7 1 4 4 1 9 6 3 2 3 3 4 6 7 4 3 2 3 3 7 6 4 7 1 4 0 0 6 6 4 7 1 4 4 10 6 4 
4 10 6 4 7 1 4 4 10 6 4 7 1 4 4 10 6 4 7 1 4 0 0 6 6 4 7 1 4 4 10 6 4 7 1 4 4 10 6 4 7 1 4 4 10 6 4 7 1 4 0 0 6 6 4 7 1 4 4 10 6 3 1 7 6 7 4 4 7 6 9 6 3 6 6 4 3 7 4 4 6 7 4 3 2 3 3 7 6 4 7 1 4 0 0 6 6 4 7 1 4 4 10 6 4 7 1 4 4 10 6 4 7 1 4 4 10 6 4 7 1 4 0 0 6 6 4 7 1 4 4 10 6 4 7 1 4 4 10 6 4 7 1 4 4 10 6 4 7 1 4 0 0 6 6 4 7 1 4 4 10 6 4 7 1 4 4 10 6 4 7 1 4 4 10 6 4 7 1 4 0 0 6 6 4 7 1 4 4 10 6 4 7 1 4 4 1 9 6 3 2 3 3 4 6 7 4 3 2 3 3 7 6 4 7 1 4 0 0 6 6 4 7 1 4 4 10 6 4 7 1 4 4 10 6 
4 10 6 4 7 1 4 4 10 6 4 7 1 4 0 0 6 6 4 7 1 4 4 10 6 4 7 1 4 4 10 6 4 7 1 4 4 10 6 4 7 1 4 0 0 6 6 4 7 1 4 4 10 6 3 1 7 6 7 4 4 7 6 9 6 3 6 6 4 3 7 4 4 6 7 4 3 2 3 3 7 6 4 7 1 4 0 0 6 6 4 7 1 4 4 10 6 4 7 1 4 4 10 6 4 7 1 4 4 10 6 4 7 1 4 0 0 6 6 4 7 1 4 4 10 6 4 7 1 4 4 10 6 4 7 1 4 4 10 6 4 7 1 4 0 0 6 6 4 7 1 4 4 10 6 4 7 1 4 4 10 6 4 7 1 4 4 10 6 4 7 1 4 0 0 6 6 4 7 1 4 4 10 6 4 7 1 4 4 1 9 6 3 2 3 3 4 6 7 4 3 2 3 3 7 6 4 7 1 4 0 0 6 6 4 7 1 4 4 10 6 4 7 1 4 4 10 6 4 7 1 4 4 10 6 
4 10 6 4 7 1 4 0 0 6 6 4 7 1 4 4 10 6 4 7 1 4 4 10 6 4 7 1 4 4 10 6 4 7 1 4 0 0 6 6 4 7 1 4 4 10 6 3 1 7 6 7 4 4 7 6 9 6 3 6 6 4 3 7 4 4 6 7 4 3 2 3 3 7 6 4 7 1 4 0 0 6 6 4 7 1 4 4 10 6 4 7 1 4 4 10 6 4 7 1 4 4 10 6 4 7 1 4 0 0 6 6 4 7 1 4 4 10 6 4 7 1 4 4 10 6 4 7 1 4 4 10 6 4 7 1 4 0 0 6 6 4 7 1 4 4 10 6 4 7 1 4 4 10 6 4 7 1 4 4 10 6 4 7 1 4 0 0 6 6 4 7 1 4 4 10 6 4 7 1 4 4 1 9 6 3 2 3 3 4 6 7 4 3 2 3 3 7 6 4 7 1 4 0 0 6 6 4 7 1 4 4 10 6 4 7 1 4 4 10 6 4 7 1 4 4 10 6 4 7 1 4 0 0 6 6 
0 0 6 6 4 7 1 4 4 10 6 4 7 1 4 4 10 6 4 7 1 4 4 10 6 4 7 1 4 0 0 6 6 4 7 1 4 4 10 6 3 1 7 6 7 4 4 7 6 9 6 3 6 6 4 3 7 4 4 6 7 4 3 2 3 3 7 6 4 7 1 4 0 0 6 6 4 7 1 4 4 10 6 4 7 1 4 4 10 6 4 7 1 4 4 10 6 4 7 1 4 0 0 6 6 4 7 1 4 4 10 6 4 7 1 4 4 10 6 4 7 1 4 4 10 6 4 7 1 4 0 0 6 6 4 7 1 4 4 10 6 4 7 1 4 4 10 6 4 7 1 4 4 10 6 4 7 1 4 0 0 6 6 4 7 1 4 4 10 6 4 7 1 4 4 1 9 6 3 2 3 3 4 6 7 4 3 2 3 3 7 6 4 7 1 4 0 0 6 6 4 7 1 4 4 10 6 4 7 1 4 4 10 6 4 7 1 4 4 10 6 4 7 1 4 0 0 6 6 4 7 1 4 4 10 6 
4 10 6 4 7 1 4 4 10 6 4 7 1 4 4 10 6 4 7 1 4 0 0 6 6 4 7 1 4 4 10 6 3 1 7 6 7 4 4 7 6 9 6 3 6 6 4 3 7 4 4 6 7 4 3 2 3 3 7 6 4 7 1 4 0 0 6 6 4 7 1 4 4 10 6 4 7 1 4 4 10 6 4 7 1 4 4 10 6 4 7 1 4 0 0 6 6 4 7 1 4 4 10 6 4 7 1 4 4 10 6 4 7 1 4 4 10 6 4 7 1 4 0 0 6 6 4 7 1 4 4 10 6 4 7 1 4 4 10 6 4 7 1 4 4 10 6 4 7 1 4 0 0 6 6 4 7 1 4 4 10 6 4 7 1 4 4 1 9 6 3 2 3 3 4 6 7 4 3 2 3 3 7 6 4 7 1 4 0 0 6 6 4 7 1 4 4 10 6 4 7 1 4 4 10 6 4 7 1 4 4 10 6 4 7 1 4 0 0 6 6 4 7 1 4 4 10 6 4 7 1 4 3 0 1 7 3 6 3 6 
4 10 6 4 7 1 4 4 10 6 4 7 1 4 0 0 6 6 4 7 1 4 4 10 6 3 1 7 6 7 4 4 7 6 9 6 3 6 6 4 3 7 4 4 6 7 4 3 2 3 3 7 6 4 7 1 4 0 0 6 6 4 7 1 4 4 10 6 4 7 1 4 4 10 6 4 7 1 4 4 10 6 4 7 1 4 0 0 6 6 4 7 1 4 4 10 6 4 7 1 4 4 10 6 4 7 1 4 4 10 6 4 7 1 4 0 0 6 6 4 7 1 4 4 10 6 4 7 1 4 4 10 6 4 7 1 4 4 10 6 4 7 1 4 0 0 6 6 4 7 1 4 4 10 6 4 7 1 4 4 1 9 6 3 2 3 3 4 6 7 4 3 2 3 3 7 6 4 7 1 4 0 0 6 6 4 7 1 4 4 10 6 4 7 1 4 4 10 6 4 7 1 4 4 10 6 4 7 1 4 0 0 6 6 4 7 1 4 4 10 6 4 7 1 4 3 0 1 7 3 6 3 6 0 1 7 6 7 4 3 6 2 3 3 7 6 
4 10 6 4 7 1 4 0 0 6 6 4 7 1 4 4 10 6 3 1 7 6 7 4 4 7 6 9 6 3 6 6 4 3 7 4 4 6 7 4 3 2 3 3 7 6 4 7 1 4 0 0 6 6 4 7 1 4 4 10 6 4 7 1 4 4 10 6 4 7 1 4 4 10 6 4 7 1 4 0 0 6 6 4 7 1 4 4 10 6 4 7 1 4 4 10 6 4 7 1 4 4 10 6 4 7 1 4 0 0 6 6 4 7 1 4 4 10 6 4 7 1 4 4 10 6 4 7 1 4 4 10 6 4 7 1 4 0 0 6 6 4 7 1 4 4 10 6 4 7 1 4 4 1 9 6 3 2 3 3 4 6 7 4 3 2 3 3 7 6 4 7 1 4 0 0 6 6 4 7 1 4 4 10 6 4 7 1 4 4 10 6 4 7 1 4 4 10 6 4 7 1 4 0 0 6 6 4 7 1 4 4 10 6 4 7 1 4 3 0 1 7 3 6 3 6 0 1 7 6 7 4 3 6 2 3 3 7 6 4 7 1 4 0 0 6 6 
0 0 6 6 4 7 1 4 4 10 6 3 1 7 6 7 4 4 7 6 9 6 3 6 6 4 3 7 4 4 6 7 4 3 2 3 3 7 6 4 7 1 4 0 0 6 6 4 7 1 4 4 10 6 4 7 1 4 4 10 6 4 7 1 4 4 10 6 4 7 1 4 0 0 6 6 4 7 1 4 4 10 6 4 7 1 4 4 10 6 4 7 1 4 4 10 6 4 7 1 4 0 0 6 6 4 7 1 4 4 10 6 4 7 1 4 4 10 6 4 7 1 4 4 10 6 4 7 1 4 0 0 6 6 4 7 1 4 4 10 6 4 7 1 4 4 1 9 6 3 2 3 3 4 6 7 4 3 2 3 3 7 6 4 7 1 4 0 0 6 6 4 7 1 4 4 10 6 4 7 1 4 4 10 6 4 7 1 4 4 10 6 4 7 1 4 0 0 6 6 4 7 1 4 4 10 6 4 7 1 4 3 0 1 7 3 6 3 6 0 1 7 6 7 4 3 6 2 3 3 7 6 4 7 1 4 0 0 6 6 4 7 1 4 4 10 6 
4 10 6 3 1 7 6 7 4 4 7 6 9 6 3 6 6 4 3 7 4 4 6 7 4 3 2 3 3 7 6 4 7 1 4 0 0 6 6 4 7 1 4 4 10 6 4 7 1 4 4 10 6 4 7 1 4 4 10 6 4 7 1 4 0 0 6 6 4 7 1 4 4 10 6 4 7 1 4 4 10 6 4 7 1 4 4 10 6 4 7 1 4 0 0 6 6 4 7 1 4 4 10 6 4 7 1 4 4 10 6 4 7 1 4 4 10 6 4 7 1 4 0 0 6 6 4 7 1 4 4 10 6 4 7 1 4 4 1 9 6 3 2 3 3 4 6 7 4 3 2 3 3 7 6 4 7 1 4 0 0 6 6 4 7 1 4 4 10 6 4 7 1 4 4 10 6 4 7 1 4 4 10 6 4 7 1 4 0 0 6 6 4 7 1 4 4 10 6 4 7 1 4 3 0 1 7 3 6 3 6 0 1 7 6 7 4 3 6 2 3 3 7 6 4 7 1 4 0 0 6 6 4 7 1 4 4 10 6 4 7 1 4 4 10 6 
4 7 6 9 6 3 6 6 4 3 7 4 4 6 7 4 3 2 3 3 7 6 4 7 1 4 0 0 6 6 4 7 1 4 4 10 6 4 7 1 4 4 10 6 4 7 1 4 4 10 6 4 7 1 4 0 0 6 6 4 7 1 4 4 10 6 4 7 1 4 4 10 6 4 7 1 4 4 10 6 4 7 1 4 0 0 6 6 4 7 1 4 4 10 6 4 7 1 4 4 10 6 4 7 1 4 4 10 6 4 7 1 4 0 0 6 6 4 7 1 4 4 10 6 4 7 1 4 4 1 9 6 3 2 3 3 4 6 7 4 3 2 3 3 7 6 4 7 1 4 0 0 6 6 4 7 1 4 4 10 6 4 7 1 4 4 10 6 4 7 1 4 4 10 6 4 7 1 4 0 0 6 6 4 7 1 4 4 10 6 4 7 1 4 3 0 1 7 3 6 3 6 0 1 7 6 7 4 3 6 2 3 3 7 6 4 7 1 4 0 0 6 6 4 7 1 4 4 10 6 4 7 1 4 4 10 6 4 7 1 4 4 10 6 
3 2 3 3 7 6 4 7 1 4 0 0 6 6 4 7 1 4 4 10 6 4 7 1 4 4 10 6 4 7 1 4 4 10 6 4 7 1 4 0 0 6 6 4 7 1 4 4 10 6 4 7 1 4 4 10 6 4 7 1 4 4 10 6 4 7 1 4 0 0 6 6 4 7 1 4 4 10 6 4 7 1 4 4 10 6 4 7 1 4 4 10 6 4 7 1 4 0 0 6 6 4 7 1 4 4 10 6 4 7 1 4 4 1 9 6 3 2 3 3 4 6 7 4 3 2 3 3 7 6 4 7 1 4 0 0 6 6 4 7 1 4 4 10 6 4 7 1 4 4 10 6 4 7 1 4 4 10 6 4 7 1 4 0 0 6 6 4 7 1 4 4 10 6 4 7 1 4 3 0 1 7 3 6 3 6 0 1 7 6 7 4 3 6 2 3 3 7 6 4 7 1 4 0 0 6 6 4 7 1 4 4 10 6 4 7 1 4 4 10 6 4 7 1 4 4 10 6 4 7 1 4 0 0 6 6 
0 0 6 6 4 7 1 4 4 10 6 4 7 1 4 4 10 6 4 7 1 4 4 10 6 4 7 1 4 0 0 6 6 4 7 1 4 4 10 6 4 7 1 4 4 10 6 4 7 1 4 4 10 6 4 7 1 4 0 0 6 6 4 7 1 4 4 10 6 4 7 1 4 4 10 6 4 7 1 4 4 10 6 4 7 1 4 0 0 6 6 4 7 1 4 4 10 6 4 7 1 4 4 1 9 6 3 2 3 3 4 6 7 4 3 2 3 3 7 6 4 7 1 4 0 0 6 6 4 7 1 4 4 10 6 4 7 1 4 4 10 6 4 7 1 4 4 10 6 4 7 1 4 0 0 6 6 4 7 1 4 4 10 6 4 7 1 4 3 0 1 7 3 6 3 6 0 1 7 6 7 4 3 6 2 3 3 7 6 4 7 1 4 0 0 6 6 4 7 1 4 4 10 6 4 7 1 4 4 10 6 4 7 1 4 4 10 6 4 7 1 4 0 0 6 6 4 7 1 4 4 10 6 
4 10 6 4 7 1 4 4 10 6 4 7 1 4 4 10 6 4 7 1 4 0 0 6 6 4 7 1 4 4 10 6 4 7 1 4 4 10 6 4 7 1 4 4 10 6 4 7 1 4 0 0 6 6 4 7 1 4 4 10 6 4 7 1 4 4 10 6 4 7 1 4 4 10 6 4 7 1 4 0 0 6 6 4 7 1 4 4 10 6 4 7 1 4 4 1 9 6 3 2 3 3 4 6 7 4 3 2 3 3 7 6 4 7 1 4 0 0 6 6 4 7 1 4 4 10 6 4 7 1 4 4 10 6 4 7 1 4 4 10 6 4 7 1 4 0 0 6 6 4 7 1 4 4 10 6 4 7 1 4 3 0 1 7 3 6 3 6 0 1 7 6 7 4 3 6 2 3 3 7 6 4 7 1 4 0 0 6 6 4 7 1 4 4 10 6 4 7 1 4 4 10 6 4 7 1 4 4 10 6 4 7 1 4 0 0 6 6 4 7 1 4 4 10 6 4 7 1 4 4 10 6 
4 10 6 4 7 1 4 4 10 6 4 7 1 4 0 0 6 6 4 7 1 4 4 10 6 4 7 1 4 4 10 6 4 7 1 4 4 10 6 4 7 1 4 0 0 6 6 4 7 1 4 4 10 6 4 7 1 4 4 10 6 4 7 1 4 4 10 6 4 7 1 4 0 0 6 6 4 7 1 4 4 10 6 4 7 1 4 4 1 9 6 3 2 3 3 4 6 7 4 3 2 3 3 7 6 4 7 1 4 0 0 6 6 4 7 1 4 4 10 6 4 7 1 4 4 10 6 4 7 1 4 4 10 6 4 7 1 4 0 0 6 6 4 7 1 4 4 10 6 4 7 1 4 3 0 1 7 3 6 3 6 0 1 7 6 7 4 3 6 2 3 3 7 6 4 7 1 4 0 0 6 6 4 7 1 4 4 10 6 4 7 1 4 4 10 6 4 7 1 4 4 10 6 4 7 1 4 0 0 6 6 4 7 1 4 4 10 6 4 7 1 4 4 10 6 4 7 1 4 4 10 6 
4 10 6 4 7 1 4 0 0 6 6 4 7 1 4 4 10 6 4 7 1 4 4 10 6 4 7 1 4 4 10 6 4 7 1 4 0 0 6 6 4 7 1 4 4 10 6 4 7 1 4 4 10 6 4 7 1 4 4 10 6 4 7 1 4 0 0 6 6 4 7 1 4 4 10 6 4 7 1 4 4 1 9 6 3 2 3 3 4 6 7 4 3 2 3 3 7 6 4 7 1 4 0 0 6 6 4 7 1 4 4 10 6 4 7 1 4 4 10 6 4 7 1 4 4 10 6 4 7 1 4 0 0 6 6 4 7 1 4 4 10 6 4 7 1 4 3 0 1 7 3 6 3 6 0 1 7 6 7 4 3 6 2 3 3 7 6 4 7 1 4 0 0 6 6 4 7 1 4 4 10 6 4 7 1 4 4 10 6 4 7 1 4 4 10 6 4 7 1 4 0 0 6 6 4 7 1 4 4 10 6 4 7 1 4 4 10 6 4 7 1 4 4 10 6 4 7 1 4 0 0 6 6 
7 1 4 0 0 6 6 4 7 1 4 4 10 6 4 7 1 4 4 10 6 4 7 1 4 4 10 6 4 7 1 4 0 0 6 6 4 7 1 4 4 10 6 4 7 1 4 4 10 6 4 7 1 4 4 10 6 4 7 1 4 0 0 6 6 4 7 1 4 4 10 6 4 7 1 4 4 1 9 6 3 2 3 3 4 6 7 4 3 2 3 3 7 6 4 7 1 4 0 0 6 6 4 7 1 4 4 10 6 4 7 1 4 4 10 6 4 7 1 4 4 10 6 4 7 1 4 0 0 6 6 4 7 1 4 4 10 6 4 7 1 4 3 0 1 7 3 6 3 6 0 1 7 6 7 4 3 6 2 3 3 7 6 4 7 1 4 0 0 6 6 4 7 1 4 4 10 6 4 7 1 4 4 10 6 4 7 1 4 4 10 6 4 7 1 4 0 0 6 6 4 7 1 4 4 10 6 4 7 1 4 4 10 6 4 7 1 4 4 10 6 4 7 1 4 0 0 6 6 4 7 1 4 4 
7 1 4 4 10 6 4 7 1 4 4 10 6 4 7 1 4 4 10 6 4 7 1 4 0 0 6 6 4 7 1 4 4 10 6 4 7 1 4 4 10 6 4 7 1 4 4 10 6 4 7 1 4 0 0 6 6 4 7 1 4 4 10 6 4 7 1 4 4 1 9 6 3 2 3 3 4 6 7 4 3 2 3 3 7 6 4 7 1 4 0 0 6 6 4 7 1 4 4 10 6 4 7 1 4 4 10 6 4 7 1 4 4 10 6 4 7 1 4 0 0 6 6 4 7 1 4 4 10 6 4 7 1 4 3 0 1 7 3 6 3 6 0 1 7 6 7 4 3 6 2 3 3 7 6 4 7 1 4 0 0 6 6 4 7 1 4 4 10 6 4 7 1 4 4 10 6 4 7 1 4 4 10 6 4 7 1 4 0 0 6 6 4 7 1 4 4 10 6 4 7 1 4 4 10 6 4 7 1 4 4 10 6 4 7 1 4 0 0 6 6 4 7 1 4 4 10 6 4 7 1 4 4 
7 1 4 4 10 6 4 7 1 4 4 10 6 4 7 1 4 0 0 6 6 4 7 1 4 4 10 6 4 7 1 4 4 10 6 4 7 1 4 4 10 6 4 7 1 4 0 0 6 6 4 7 1 4 4 10 6 4 7 1 4 4 1 9 6 3 2 3 3 4 6 7 4 3 2 3 3 7 6 4 7 1 4 0 0 6 6 4 7 1 4 4 10 6 4 7 1 4 4 10 6 4 7 1 4 4 10 6 4 7 1 4 0 0 6 6 4 7 1 4 4 10 6 4 7 1 4 3 0 1 7 3 6 3 6 0 1 7 6 7 4 3 6 2 3 3 7 6 4 7 1 4 0 0 6 6 4 7 1 4 4 10 6 4 7 1 4 4 10 6 4 7 1 4 4 10 6 4 7 1 4 0 0 6 6 4 7 1 4 4 10 6 4 7 1 4 4 10 6 4 7 1 4 4 10 6 4 7 1 4 0 0 6 6 4 7 1 4 4 10 6 4 7 1 4 4 10 6 4 7 1 4 4 
7 1 4 4 10 6 4 7 1 4 0 0 6 6 4 7 1 4 4 10 6 4 7 1 4 4 10 6 4 7 1 4 4 10 6 4 7 1 4 0 0 6 6 4 7 1 4 4 10 6 4 7 1 4 4 1 9 6 3 2 3 3 4 6 7 4 3 2 3 3 7 6 4 7 1 4 0 0 6 6 4 7 1 4 4 10 6 4 7 1 4 4 10 6 4 7 1 4 4 10 6 4 7 1 4 0 0 6 6 4 7 1 4 4 10 6 4 7 1 4 3 0 1 7 3 6 3 6 0 1 7 6 7 4 3 6 2 3 3 7 6 4 7 1 4 0 0 6 6 4 7 1 4 4 10 6 4 7 1 4 4 10 6 4 7 1 4 4 10 6 4 7 1 4 0 0 6 6 4 7 1 4 4 10 6 4 7 1 4 4 10 6 4 7 1 4 4 10 6 4 7 1 4 0 0 6 6 4 7 1 4 4 10 6 4 7 1 4 4 10 6 4 7 1 4 4 10 6 4 7 1 4 0 0 
7 1 4 0 0 6 6 4 7 1 4 4 10 6 4 7 1 4 4 10 6 4 7 1 4 4 10 6 4 7 1 4 0 0 6 6 4 7 1 4 4 10 6 4 7 1 4 4 1 9 6 3 2 3 3 4 6 7 4 3 2 3 3 7 6 4 7 1 4 0 0 6 6 4 7 1 4 4 10 6 4 7 1 4 4 10 6 4 7 1 4 4 10 6 4 7 1 4 0 0 6 6 4 7 1 4 4 10 6 4 7 1 4 3 0 1 7 3 6 3 6 0 1 7 6 7 4 3 6 2 3 3 7 6 4 7 1 4 0 0 6 6 4 7 1 4 4 10 6 4 7 1 4 4 10 6 4 7 1 4 4 10 6 4 7 1 4 0 0 6 6 4 7 1 4 4 10 6 4 7 1 4 4 10 6 4 7 1 4 4 10 6 4 7 1 4 0 0 6 6 4 7 1 4 4 10 6 4 7 1 4 4 10 6 4 7 1 4 4 10 6 4 7 1 4 0 0 6 6 4 7 1 4 4 
7 1 4 4 10 6 4 7 1 4 4 10 6 4 7 1 4 4 10 6 4 7 1 4 0 0 6 6 4 7 1 4 4 10 6 4 7 1 4 4 1 9 6 3 2 3 3 4 6 7 4 3 2 3 3 7 6 4 7 1 4 0 0 6 6 4 7 1 4 4 10 6 4 7 1 4 4 10 6 4 7 1 4 4 10 6 4 7 1 4 0 0 6 6 4 7 1 4 4 10 6 4 7 1 4 3 0 1 7 3 6 3 6 0 1 7 6 7 4 3 6 2 3 3 7 6 4 7 1 4 0 0 6 6 4 7 1 4 4 10 6 4 7 1 4 4 10 6 4 7 1 4 4 10 6 4 7 1 4 0 0 6 6 4 7 1 4 4 10 6 4 7 1 4 4 10 6 4 7 1 4 4 10 6 4 7 1 4 0 0 6 6 4 7 1 4 4 10 6 4 7 1 4 4 10 6 4 7 1 4 4 10 6 4 7 1 4 0 0 6 6 4 7 1 4 4 10 6 4 7 1 4 4 
7 1 4 4 10 6 4 7 1 4 4 10 6 4 7 1 4 0 0 6 6 4 7 1 4 4 10 6 4 7 1 4 4 1 9 6 3 2 3 3 4 6 7 4 3 2 3 3 7 6 4 7 1 4 0 0 6 6 4 7 1 4 4 10 6 4 7 1 4 4 10 6 4 7 1 4 4 10 6 4 7 1 4 0 0 6 6 4 7 1 4 4 10 6 4 7 1 4 3 0 1 7 3 6 3 6 0 1 7 6 7 4 3 6 2 3 3 7 6 4 7 1 4 0 0 6 6 4 7 1 4 4 10 6 4 7 1 4 4 10 6 4 7 1 4 4 10 6 4 7 1 4 0 0 6 6 4 7 1 4 4 10 6 4 7 1 4 4 10 6 4 7 1 4 4 10 6 4 7 1 4 0 0 6 6 4 7 1 4 4 10 6 4 7 1 4 4 10 6 4 7 1 4 4 10 6 4 7 1 4 0 0 6 6 4 7 1 4 4 10 6 4 7 1 4 4 1 9 6 3 2 3 3 4 6 7 4 3 2 3 3 
7 1 4 4 10 6 4 7 1 4 0 0 6 6 4 7 1 4 4 10 6 4 7 1 4 4 1 9 6 3 2 3 3 4 6 7 4 3 2 3 3 7 6 4 7 1 4 0 0 6 6 4 7 1 4 4 10 6 4 7 1 4 4 10 6 4 7 1 4 4 10 6 4 7 1 4 0 0 6 6 4 7 1 4 4 10 6 4 7 1 4 3 0 1 7 3 6 3 6 0 1 7 6 7 4 3 6 2 3 3 7 6 4 7 1 4 0 0 6 6 4 7 1 4 4 10 6 4 7 1 4 4 10 6 4 7 1 4 4 10 6 4 7 1 4 0 0 6 6 4 7 1 4 4 10 6 4 7 1 4 4 10 6 4 7 1 4 4 10 6 4 7 1 4 0 0 6 6 4 7 1 4 4 10 6 4 7 1 4 4 10 6 4 7 1 4 4 10 6 4 7 1 4 0 0 6 6 4 7 1 4 4 10 6 4 7 1 4 4 1 9 6 3 2 3 3 4 6 7 4 3 2 3 3 7 6 4 7 1 4 0 
7 1 4 0 0 6 6 4 7 1 4 4 10 6 4 7 1 4 4 1 9 6 3 2 3 3 4 6 7 4 3 2 3 3 7 6 4 7 1 4 0 0 6 6 4 7 1 4 4 10 6 4 7 1 4 4 10 6 4 7 1 4 4 10 6 4 7 1 4 0 0 6 6 4 7 1 4 4 10 6 4 7 1 4 3 0 1 7 3 6 3 6 0 1 7 6 7 4 3 6 2 3 3 7 6 4 7 1 4 0 0 6 6 4 7 1 4 4 10 6 4 7 1 4 4 10 6 4 7 1 4 4 10 6 4 7 1 4 0 0 6 6 4 7 1 4 4 10 6 4 7 1 4 4 10 6 4 7 1 4 4 10 6 4 7 1 4 0 0 6 6 4 7 1 4 4 10 6 4 7 1 4 4 10 6 4 7 1 4 4 10 6 4 7 1 4 0 0 6 6 4 7 1 4 4 10 6 4 7 1 4 4 1 9 6 3 2 3 3 4 6 7 4 3 2 3 3 7 6 4 7 1 4 0 0 6 6 4 7 1 4 4 
7 1 4 4 10 6 4 7 1 4 4 1 9 6 3 2 3 3 4 6 7 4 3 2 3 3 7 6 4 7 1 4 0 0 6 6 4 7 1 4 4 10 6 4 7 1 4 4 10 6 4 7 1 4 4 10 6 4 7 1 4 0 0 6 6 4 7 1 4 4 10 6 4 7 1 4 3 0 1 7 3 6 3 6 0 1 7 6 7 4 3 6 2 3 3 7 6 4 7 1 4 0 0 6 6 4 7 1 4 4 10 6 4 7 1 4 4 10 6 4 7 1 4 4 10 6 4 7 1 4 0 0 6 6 4 7 1 4 4 10 6 4 7 1 4 4 10 6 4 7 1 4 4 10 6 4 7 1 4 0 0 6 6 4 7 1 4 4 10 6 4 7 1 4 4 10 6 4 7 1 4 4 10 6 4 7 1 4 0 0 6 6 4 7 1 4 4 10 6 4 7 1 4 4 1 9 6 3 2 3 3 4 6 7 4 3 2 3 3 7 6 4 7 1 4 0 0 6 6 4 7 1 4 4 10 6 4 7 1 4 4 
7 1 4 4 1 9 6 3 2 3 3 4 6 7 4 3 2 3 3 7 6 4 7 1 4 0 0 6 6 4 7 1 4 4 10 6 4 7 1 4 4 10 6 4 7 1 4 4 10 6 4 7 1 4 0 0 6 6 4 7 1 4 4 10 6 4 7 1 4 3 0 1 7 3 6 3 6 0 1 7 6 7 4 3 6 2 3 3 7 6 4 7 1 4 0 0 6 6 4 7 1 4 4 10 6 4 7 1 4 4 10 6 4 7 1 4 4 10 6 4 7 1 4 0 0 6 6 4 7 1 4 4 10 6 4 7 1 4 4 10 6 4 7 1 4 4 10 6 4 7 1 4 0 0 6 6 4 7 1 4 4 10 6 4 7 1 4 4 10 6 4 7 1 4 4 10 6 4 7 1 4 0 0 6 6 4 7 1 4 4 10 6 4 7 1 4 4 1 9 6 3 2 3 3 4 6 7 4 3 2 3 3 7 6 4 7 1 4 0 0 6 6 4 7 1 4 4 10 6 4 7 1 4 4 10 6 4 7 1 4 4 
3 4 6 7 4 3 2 3 3 7 6 4 7 1 4 0 0 6 6 4 7 1 4 4 10 6 4 7 1 4 4 10 6 4 7 1 4 4 10 6 4 7 1 4 0 0 6 6 4 7 1 4 4 10 6 4 7 1 4 3 0 1 7 3 6 3 6 0 1 7 6 7 4 3 6 2 3 3 7 6 4 7 1 4 0 0 6 6 4 7 1 4 4 10 6 4 7 1 4 4 10 6 4 7 1 4 4 10 6 4 7 1 4 0 0 6 6 4 7 1 4 4 10 6 4 7 1 4 4 10 6 4 7 1 4 4 10 6 4 7 1 4 0 0 6 6 4 7 1 4 4 10 6 4 7 1 4 4 10 6 4 7 1 4 4 10 6 4 7 1 4 0 0 6 6 4 7 1 4 4 10 6 4 7 1 4 4 1 9 6 3 2 3 3 4 6 7 4 3 2 3 3 7 6 4 7 1 4 0 0 6 6 4 7 1 4 4 10 6 4 7 1 4 4 10 6 4 7 1 4 4 10 6 4 7 1 4 0 
7 1 4 0 0 6 6 4 7 1 4 4 10 6 4 7 1 4 4 10 6 4 7 1 4 4 10 6 4 7 1 4 0 0 6 6 4 7 1 4 4 10 6 4 7 1 4 3 0 1 7 3 6 3 6 0 1 7 6 7 4 3 6 2 3 3 7 6 4 7 1 4 0 0 6 6 4 7 1 4 4 10 6 4 7 1 4 4 10 6 4 7 1 4 4 10 6 4 7 1 4 0 0 6 6 4 7 1 4 4 10 6 4 7 1 4 4 10 6 4 7 1 4 4 10 6 4 7 1 4 0 0 6 6 4 7 1 4 4 10 6 4 7 1 4 4 10 6 4 7 1 4 4 10 6 4 7 1 4 0 0 6 6 4 7 1 4 4 10 6 4 7 1 4 4 1 9 6 3 2 3 3 4 6 7 4 3 2 3 3 7 6 4 7 1 4 0 0 6 6 4 7 1 4 4 10 6 4 7 1 4 4 10 6 4 7 1 4 4 10 6 4 7 1 4 0 0 6 6 4 7 1 4 4 
7 1 4 4 10 6 4 7 1 4 4 10 6 4 7 1 4 4 10 6 4 7 1 4 0 0 6 6 4 7 1 4 4 10 6 4 7 1 4 3 0 1 7 3 6 3 6 0 1 7 6 7 4 3 6 2 3 3 7 6 4 7 1 4 0 0 6 6 4 7 1 4 4 10 6 4 7 1 4 4 10 6 4 7 1 4 4 10 6 4 7 1 4 0 0 6 6 4 7 1 4 4 10 6 4 7 1 4 4 10 6 4 7 1 4 4 10 6 4 7 1 4 0 0 6 6 4 7 1 4 4 10 6 4 7 1 4 4 10 6 4 7 1 4 4 10 6 4 7 1 4 0 0 6 6 4 7 1 4 4 10 6 4 7 1 4 4 1 9 6 3 2 3 3 4 6 7 4 3 2 3 3 7 6 4 7 1 4 0 0 6 6 4 7 1 4 4 10 6 4 7 1 4 4 10 6 4 7 1 4 4 10 6 4 7 1 4 0 0 6 6 4 7 1 4 4 10 6 4 7 1 4 4 
7 1 4 4 10 6 4 7 1 4 4 10 6 4 7 1 4 0 0 6 6 4 7 1 4 4 10 6 4 7 1 4 3 0 1 7 3 6 3 6 0 1 7 6 7 4 3 6 2 3 3 7 6 4 7 1 4 0 0 6 6 4 7 1 4 4 10 6 4 7 1 4 4 10 6 4 7 1 4 4 10 6 4 7 1 4 0 0 6 6 4 7 1 4 4 10 6 4 7 1 4 4 10 6 4 7 1 4 4 10 6 4 7 1 4 0 0 6 6 4 7 1 4 4 10 6 4 7 1 4 4 10 6 4 7 1 4 4 10 6 4 7 1 4 0 0 6 6 4 7 1 4 4 10 6 4 7 1 4 4 1 9 6 3 2 3 3 4 6 7 4 3 2 3 3 7 6 4 7 1 4 0 0 6 6 4 7 1 4 4 10 6 4 7 1 4 4 10 6 4 7 1 4 4 10 6 4 7 1 4 0 0 6 6 4 7 1 4 4 10 6 4 7 1 4 4 10 6 4 7 1 4 4 
4 7 1 4 4 10 6 4 7 1 4 0 0 6 6 4 7 1 4 4 10 6 4 7 1 4 3 0 1 7 3 6 3 6 0 1 7 6 7 4 3 6 2 3 3 7 6 4 7 1 4 0 0 6 6 4 7 1 4 4 10 6 4 7 1 4 4 10 6 4 7 1 4 4 10 6 4 7 1 4 0 0 6 6 4 7 1 4 4 10 6 4 7 1 4 4 10 6 4 7 1 4 4 10 6 4 7 1 4 0 0 6 6 4 7 1 4 4 10 6 4 7 1 4 4 10 6 4 7 1 4 4 10 6 4 7 1 4 0 0 6 6 4 7 1 4 4 10 6 4 7 1 4 4 1 9 6 3 2 3 3 4 6 7 4 3 2 3 3 7 6 4 7 1 4 0 0 6 6 4 7 1 4 4 10 6 4 7 1 4 4 10 6 4 7 1 4 4 10 6 4 7 1 4 0 0 6 6 4 7 1 4 4 10 6 4 7 1 4 4 10 6 4 7 1 4 4 10 6 4 7 1 4 
4 7 1 4 0 0 6 6 4 7 1 4 4 10 6 4 7 1 4 3 0 1 7 3 6 3 6 0 1 7 6 7 4 3 6 2 3 3 7 6 4 7 1 4 0 0 6 6 4 7 1 4 4 10 6 4 7 1 4 4 10 6 4 7 1 4 4 10 6 4 7 1 4 0 0 6 6 4 7 1 4 4 10 6 4 7 1 4 4 10 6 4 7 1 4 4 10 6 4 7 1 4 0 0 6 6 4 7 1 4 4 10 6 4 7 1 4 4 10 6 4 7 1 4 4 10 6 4 7 1 4 0 0 6 6 4 7 1 4 4 10 6 4 7 1 4 4 1 9 6 3 2 3 3 4 6 7 4 3 2 3 3 7 6 4 7 1 4 0 0 6 6 4 7 1 4 4 10 6 4 7 1 4 4 10 6 4 7 1 4 4 10 6 4 7 1 4 0 0 6 6 4 7 1 4 4 10 6 4 7 1 4 4 10 6 4 7 1 4 4 10 6 4 7 1 4 0 0 6 6 4 7 1 4 
4 7 1 4 4 10 6 4 7 1 4 3 0 1 7 3 6 3 6 0 1 7 6 7 4 3 6 2 3 3 7 6 4 7 1 4 0 0 6 6 4 7 1 4 4 10 6 4 7 1 4 4 10 6 4 7 1 4 4 10 6 4 7 1 4 0 0 6 6 4 7 1 4 4 10 6 4 7 1 4 4 10 6 4 7 1 4 4 10 6 4 7 1 4 0 0 6 6 4 7 1 4 4 10 6 4 7 1 4 4 10 6 4 7 1 4 4 10 6 4 7 1 4 0 0 6 6 4 7 1 4 4 10 6 4 7 1 4 4 1 9 6 3 2 3 3 4 6 7 4 3 2 3 3 7 6 4 7 1 4 0 0 6 6 4 7 1 4 4 10 6 4 7 1 4 4 10 6 4 7 1 4 4 10 6 4 7 1 4 0 0 6 6 4 7 1 4 4 10 6 4 7 1 4 4 10 6 4 7 1 4 4 10 6 4 7 1 4 0 0 6 6 4 7 1 4 4 10 6 4 7 1 4 
4 7 1 4 3 0 1 7 3 6 3 6 0 1 7 6 7 4 3 6 2 3 3 7 6 4 7 1 4 0 0 6 6 4 7 1 4 4 10 6 4 7 1 4 4 10 6 4 7 1 4 4 10 6 4 7 1 4 0 0 6 6 4 7 1 4 4 10 6 4 7 1 4 4 10 6 4 7 1 4 4 10 6 4 7 1 4 0 0 6 6 4 7 1 4 4 10 6 4 7 1 4 4 10 6 4 7 1 4 4 10 6 4 7 1 4 0 0 6 6 4 7 1 4 4 10 6 4 7 1 4 4 1 9 6 3 2 3 3 4 6 7 4 3 2 3 3 7 6 4 7 1 4 0 0 6 6 4 7 1 4 4 10 6 4 7 1 4 4 10 6 4 7 1 4 4 10 6 4 7 1 4 0 0 6 6 4 7 1 4 4 10 6 4 7 1 4 4 10 6 4 7 1 4 4 10 6 4 7 1 4 0 0 6 6 4 7 1 4 4 10 6 4 7 1 4 4 10 6 4 7 1 4 
0 1 7 6 7 4 3 6 2 3 3 7 6 4 7 1 4 0 0 6 6 4 7 1 4 4 10 6 4 7 1 4 4 10 6 4 7 1 4 4 10 6 4 7 1 4 0 0 6 6 4 7 1 4 4 10 6 4 7 1 4 4 10 6 4 7 1 4 4 10 6 4 7 1 4 0 0 6 6 4 7 1 4 4 10 6 4 7 1 4 4 10 6 4 7 1 4 4 10 6 4 7 1 4 0 0 6 6 4 7 1 4 4 10 6 4 7 1 4 4 1 9 6 3 2 3 3 4 6 7 4 3 2 3 3 7 6 4 7 1 4 0 0 6 6 4 7 1 4 4 10 6 4 7 1 4 4 10 6 4 7 1 4 4 10 6 4 7 1 4 0 0 6 6 4 7 1 4 4 10 6 4 7 1 4 4 10 6 4 7 1 4 4 10 6 4 7 1 4 0 0 6 6 4 7 1 4 4 10 6 4 7 1 4 4 10 6 4 7 1 4 4 10 6 4 7 1 4 
4 7 1 4 0 0 6 6 4 7 1 4 4 10 6 4 7 1 4 4 10 6 4 7 1 4 4 10 6 4 7 1 4 0 0 6 6 4 7 1 4 4 10 6 4 7 1 4 4 10 6 4 7 1 4 4 10 6 4 7 1 4 0 0 6 6 4 7 1 4 4 10 6 4 7 1 4 4 10 6 4 7 1 4 4 10 6 4 7 1 4 0 0 6 6 4 7 1 4 4 10 6 4 7 1 4 4 1 9 6 3 2 3 3 4 6 7 4 3 2 3 3 7 6 4 7 1 4 0 0 6 6 4 7 1 4 4 10 6 4 7 1 4 4 10 6 4 7 1 4 4 10 6 4 7 1 4 0 0 6 6 4 7 1 4 4 10 6 4 7 1 4 4 10 6 4 7 1 4 4 10 6 4 7 1 4 0 0 6 6 4 7 1 4 4 10 6 4 7 1 4 4 10 6 4 7 1 4 4 10 6 4 7 1 4 0 0 6 6 4 7 1 4 
4 7 1 4 4 10 6 4 7 1 4 4 10 6 4 7 1 4 4 10 6 4 7 1 4 0 0 6 6 4 7 1 4 4 10 6 4 7 1 4 4 10 6 4 7 1 4 4 10 6 4 7 1 4 0 0 6 6 4 7 1 4 4 10 6 4 7 1 4 4 10 6 4 7 1 4 4 10 6 4 7 1 4 0 0 6 6 4 7 1 4 4 10 6 4 7 1 4 4 1 9 6 3 2 3 3 4 6 7 4 3 2 3 3 7 6 4 7 1 4 0 0 6 6 4 7 1 4 4 10 6 4 7 1 4 4 10 6 4 7 1 4 4 10 6 4 7 1 4 0 0 6 6 4 7 1 4 4 10 6 4 7 1 4 4 10 6 4 7 1 4 4 10 6 4 7 1 4 0 0 6 6 4 7 1 4 4 10 6 4 7 1 4 4 10 6 4 7 1 4 4 10 6 4 7 1 4 0 0 6 6 4 7 1 4 4 10 6 4 7 1 4 
4 7 1 4 4 10 6 4 7 1 4 4 10 6 4 7 1 4 0 0 6 6 4 7 1 4 4 10 6 4 7 1 4 4 10 6 4 7 1 4 4 10 6 4 7 1 4 0 0 6 6 4 7 1 4 4 10 6 4 7 1 4 4 10 6 4 7 1 4 4 10 6 4 7 1 4 0 0 6 6 4 7 1 4 4 10 6 4 7 1 4 4 1 9 6 3 2 3 3 4 6 7 4 3 2 3 3 7 6 4 7 1 4 0 0 6 6 4 7 1 4 4 10 6 4 7 1 4 4 10 6 4 7 1 4 4 10 6 4 7 1 4 0 0 6 6 4 7 1 4 4 10 6 4 7 1 4 4 10 6 4 7 1 4 4 10 6 4 7 1 4 0 0 6 6 4 7 1 4 4 10 6 4 7 1 4 4 10 6 4 7 1 4 4 10 6 4 7 1 4 0 0 6 6 4 7 1 4 4 10 6 4 7 1 4 4 7 3 6 3 7 7 6 7 4 
4 7 1 4 4 10 6 4 7 1 4 0 0 6 6 4 7 1 4 4 10 6 4 7 1 4 4 10 6 4 7 1 4 4 10 6 4 7 1 4 0 0 6 6 4 7 1 4 4 10 6 4 7 1 4 4 10 6 4 7 1 4 4 10 6 4 7 1 4 0 0 6 6 4 7 1 4 4 10 6 4 7 1 4 4 1 9 6 3 2 3 3 4 6 7 4 3 2 3 3 7 6 4 7 1 4 0 0 6 6 4 7 1 4 4 10 6 4 7 1 4 4 10 6 4 7 1 4 4 10 6 4 7 1 4 0 0 6 6 4 7 1 4 4 10 6 4 7 1 4 4 10 6 4 7 1 4 4 10 6 4 7 1 4 0 0 6 6 4 7 1 4 4 10 6 4 7 1 4 4 10 6 4 7 1 4 4 10 6 4 7 1 4 0 0 6 6 4 7 1 4 4 10 6 4 7 1 4 4 7 3 6 3 7 7 6 7 4 3 6 1 10 6 4 7 1 4 
4 7 1 4 0 0 6 6 4 7 1 4 4 10 6 4 7 1 4 4 10 6 4 7 1 4 4 10 6 4 7 1 4 0 0 6 6 4 7 1 4 4 10 6 4 7 1 4 4 10 6 4 7 1 4 4 10 6 4 7 1 4 0 0 6 6 4 7 1 4 4 10 6 4 7 1 4 4 1 9 6 3 2 3 3 4 6 7 4 3 2 3 3 7 6 4 7 1 4 0 0 6 6 4 7 1 4 4 10 6 4 7 1 4 4 10 6 4 7 1 4 4 10 6 4 7 1 4 0 0 6 6 4 7 1 4 4 10 6 4 7 1 4 4 10 6 4 7 1 4 4 10 6 4 7 1 4 0 0 6 6 4 7 1 4 4 10 6 4 7 1 4 4 10 6 4 7 1 4 4 10 6 4 7 1 4 0 0 6 6 4 7 1 4 4 10 6 4 7 1 4 4 7 3 6 3 7 7 6 7 4 3 6 1 10 6 4 7 1 4 0 0 6 6 4 7 1 4 
4 7 1 4 4 10 6 4 7 1 4 4 10 6 4 7 1 4 4 10 6 4 7 1 4 0 0 6 6 4 7 1 4 4 10 6 4 7 1 4 4 10 6 4 7 1 4 4 10 6 4 7 1 4 0 0 6 6 4 7 1 4 4 10 6 4 7 1 4 4 1 9 6 3 2 3 3 4 6 7 4 3 2 3 3 7 6 4 7 1 4 0 0 6 6 4 7 1 4 4 10 6 4 7 1 4 4 10 6 4 7 1 4 4 10 6 4 7 1 4 0 0 6 6 4 7 1 4 4 10 6 4 7 1 4 4 10 6 4 7 1 4 4 10 6 4 7 1 4 0 0 6 6 4 7 1 4 4 10 6 4 7 1 4 4 10 6 4 7 1 4 4 10 6 4 7 1 4 0 0 6 6 4 7 1 4 4 10 6 4 7 1 4 4 7 3 6 3 7 7 6 7 4 3 6 1 10 6 4 7 1 4 0 0 6 6 4 7 1 4 4 10 6 4 7 1 4 
4 7 1 4 4 10 6 4 7 1 4 4 10 6 4 7 1 4 0 0 6 6 4 7 1 4 4 10 6 4 7 1 4 4 10 6 4 7 1 4 4 10 6 4 7 1 4 0 0 6 6 4 7 1 4 4 10 6 4 7 1 4 4 1 9 6 3 2 3 3 4 6 7 4 3 2 3 3 7 6 4 7 1 4 0 0 6 6 4 7 1 4 4 10 6 4 7 1 4 4 10 6 4 7 1 4 4 10 6 4 7 1 4 0 0 6 6 4 7 1 4 4 10 6 4 7 1 4 4 10 6 4 7 1 4 4 10 6 4 7 1 4 0 0 6 6 4 7 1 4 4 10 6 4 7 1 4 4 10 6 4 7 1 4 4 10 6 4 7 1 4 0 0 6 6 4 7 1 4 4 10 6 4 7 1 4 4 7 3 6 3 7 7 6 7 4 3 6 1 10 6 4 7 1 4 0 0 6 6 4 7 1 4 4 10 6 4 7 1 4 4 10 6 4 7 1 4 
4 7 1 4 4 10 6 4 7 1 4 0 0 6 6 4 7 1 4 4 10 6 4 7 1 4 4 10 6 4 7 1 4 4 10 6 4 7 1 4 0 0 6 6 4 7 1 4 4 10 6 4 7 1 4 4 1 9 6 3 2 3 3 4 6 7 4 3 2 3 3 7 6 4 7 1 4 0 0 6 6 4 7 1 4 4 10 6 4 7 1 4 4 10 6 4 7 1 4 4 10 6 4 7 1 4 0 0 6 6 4 7 1 4 4 10 6 4 7 1 4 4 10 6 4 7 1 4 4 10 6 4 7 1 4 0 0 6 6 4 7 1 4 4 10 6 4 7 1 4 4 10 6 4 7 1 4 4 10 6 4 7 1 4 0 0 6 6 4 7 1 4 4 10 6 4 7 1 4 4 7 3 6 3 7 7 6 7 4 3 6 1 10 6 4 7 1 4 0 0 6 6 4 7 1 4 4 10 6 4 7 1 4 4 10 6 4 7 1 4 4 10 6 4 7 1 4 
4 7 1 4 0 0 6 6 4 7 1 4 4 10 6 4 7 1 4 4 10 6 4 7 1 4 4 10 6 4 7 1 4 0 0 6 6 4 7 1 4 4 10 6 4 7 1 4 4 1 9 6 3 2 3 3 4 6 7 4 3 2 3 3 7 6 4 7 1 4 0 0 6 6 4 7 1 4 4 10 6 4 7 1 4 4 10 6 4 7 1 4 4 10 6 4 7 1 4 0 0 6 6 4 7 1 4 4 10 6 4 7 1 4 4 10 6 4 7 1 4 4 10 6 4 7 1 4 0 0 6 6 4 7 1 4 4 10 6 4 7 1 4 4 10 6 4 7 1 4 4 10 6 4 7 1 4 0 0 6 6 4 7 1 4 4 10 6 4 7 1 4 4 7 3 6 3 7 7 6 7 4 3 6 1 10 6 4 7 1 4 0 0 6 6 4 7 1 4 4 10 6 4 7 1 4 4 10 6 4 7 1 4 4 10 6 4 7 1 4 0 0 6 6 4 7 1 4 
4 7 1 4 4 10 6 4 7 1 4 4 10 6 4 7 1 4 4 10 6 4 7 1 4 0 0 6 6 4 7 1 4 4 10 6 4 7 1 4 4 1 9 6 3 2 3 3 4 6 7 4 3 2 3 3 7 6 4 7 1 4 0 0 6 6 4 7 1 4 4 10 6 4 7 1 4 4 10 6 4 7 1 4 4 10 6 4 7 1 4 0 0 6 6 4 7 1 4 4 10 6 4 7 1 4 4 10 6 4 7 1 4 4 10 6 4 7 1 4 0 0 6 6 4 7 1 4 4 10 6 4 7 1 4 4 10 6 4 7 1 4 4 10 6 4 7 1 4 0 0 6 6 4 7 1 4 4 10 6 4 7 1 4 4 7 3 6 3 7 7 6 7 4 3 6 1 10 6 4 7 1 4 0 0 6 6 4 7 1 4 4 10 6 4 7 1 4 4 10 6 4 7 1 4 4 10 6 4 7 1 4 0 0 6 6 4 7 1 4 4 10 6 4 7 1 4 
10 6 4 7 1 4 4 10 6 4 7 1 4 4 10 6 4 7 1 4 0 0 6 6 4 7 1 4 4 10 6 4 7 1 4 4 1 9 6 3 2 3 3 4 6 7 4 3 2 3 3 7 6 4 7 1 4 0 0 6 6 4 7 1 4 4 10 6 4 7 1 4 4 10 6 4 7 1 4 4 10 6 4 7 1 4 0 0 6 6 4 7 1 4 4 10 6 4 7 1 4 4 10 6 4 7 1 4 4 10 6 4 7 1 4 0 0 6 6 4 7 1 4 4 10 6 4 7 1 4 4 10 6 4 7 1 4 4 10 6 4 7 1 4 0 0 6 6 4 7 1 4 4 10 6 4 7 1 4 4 7 3 6 3 7 7 6 7 4 3 6 1 10 6 4 7 1 4 0 0 6 6 4 7 1 4 4 10 6 4 7 1 4 4 10 6 4 7 1 4 4 10 6 4 7 1 4 0 0 6 6 4 7 1 4 4 10 6 4 7 1 4 4 10 6 4 
10 6 4 7 1 4 4 10 6 4 7 1 4 0 0 6 6 4 7 1 4 4 10 6 4 7 1 4 4 1 9 6 3 2 3 3 4 6 7 4 3 2 3 3 7 6 4 7 1 4 0 0 6 6 4 7 1 4 4 10 6 4 7 1 4 4 10 6 4 7 1 4 4 10 6 4 7 1 4 0 0 6 6 4 7 1 4 4 10 6 4 7 1 4 4 10 6 4 7 1 4 4 10 6 4 7 1 4 0 0 6 6 4 7 1 4 4 10 6 4 7 1 4 4 10 6 4 7 1 4 4 10 6 4 7 1 4 0 0 6 6 4 7 1 4 4 10 6 4 7 1 4 4 7 3 6 3 7 7 6 7 4 3 6 1 10 6 4 7 1 4 0 0 6 6 4 7 1 4 4 10 6 4 7 1 4 4 10 6 4 7 1 4 4 10 6 4 7 1 4 0 0 6 6 4 7 1 4 4 10 6 4 7 1 4 4 10 6 4 7 1 4 4 10 6 4 
10 6 4 7 1 4 0 0 6 6 4 7 1 4 4 10 6 4 7 1 4 4 1 9 6 3 2 3 3 4 6 7 4 3 2 3 3 7 6 4 7 1 4 0 0 6 6 4 7 1 4 4 10 6 4 7 1 4 4 10 6 4 7 1 4 4 10 6 4 7 1 4 0 0 6 6 4 7 1 4 4 10 6 4 7 1 4 4 10 6 4 7 1 4 4 10 6 4 7 1 4 0 0 6 6 4 7 1 4 4 10 6 4 7 1 4 4 10 6 4 7 1 4 4 10 6 4 7 1 4 0 0 6 6 4 7 1 4 4 10 6 4 7 1 4 4 7 3 6 3 7 7 6 7 4 3 6 1 10 6 4 7 1 4 0 0 6 6 4 7 1 4 4 10 6 4 7 1 4 4 10 6 4 7 1 4 4 10 6 4 7 1 4 0 0 6 6 4 7 1 4 4 10 6 4 7 1 4 4 10 6 4 7 1 4 4 10 6 4 7 1 4 0 0 6 6 4 
6 6 4 7 1 4 4 10 6 4 7 1 4 4 1 9 6 3 2 3 3 4 6 7 4 3 2 3 3 7 6 4 7 1 4 0 0 6 6 4 7 1 4 4 10 6 4 7 1 4 4 10 6 4 7 1 4 4 10 6 4 7 1 4 0 0 6 6 4 7 1 4 4 10 6 4 7 1 4 4 10 6 4 7 1 4 4 10 6 4 7 1 4 0 0 6 6 4 7 1 4 4 10 6 4 7 1 4 4 10 6 4 7 1 4 4 10 6 4 7 1 4 0 0 6 6 4 7 1 4 4 10 6 4 7 1 4 4 7 3 6 3 7 7 6 7 4 3 6 1 10 6 4 7 1 4 0 0 6 6 4 7 1 4 4 10 6 4 7 1 4 4 10 6 4 7 1 4 4 10 6 4 7 1 4 0 0 6 6 4 7 1 4 4 10 6 4 7 1 4 4 10 6 4 7 1 4 4 10 6 4 7 1 4 0 0 6 6 4 7 1 4 4 10 6 4 
10 6 4 7 1 4 4 1 9 6 3 2 3 3 4 6 7 4 3 2 3 3 7 6 4 7 1 4 0 0 6 6 4 7 1 4 4 10 6 4 7 1 4 4 10 6 4 7 1 4 4 10 6 4 7 1 4 0 0 6 6 4 7 1 4 4 10 6 4 7 1 4 4 10 6 4 7 1 4 4 10 6 4 7 1 4 0 0 6 6 4 7 1 4 4 10 6 4 7 1 4 4 10 6 4 7 1 4 4 10 6 4 7 1 4 0 0 6 6 4 7 1 4 4 10 6 4 7 1 4 4 7 3 6 3 7 7 6 7 4 3 6 1 10 6 4 7 1 4 0 0 6 6 4 7 1 4 4 10 6 4 7 1 4 4 10 6 4 7 1 4 4 10 6 4 7 1 4 0 0 6 6 4 7 1 4 4 10 6 4 7 1 4 4 10 6 4 7 1 4 4 10 6 4 7 1 4 0 0 6 6 4 7 1 4 4 10 6 4 7 1 4 4 10 6 4 
1 9 6 3 2 3 3 4 6 7 4 3 2 3 3 7 6 4 7 1 4 0 0 6 6 4 7 1 4 4 10 6 4 7 1 4 4 10 6 4 7 1 4 4 10 6 4 7 1 4 0 0 6 6 4 7 1 4 4 10 6 4 7 1 4 4 10 6 4 7 1 4 4 10 6 4 7 1 4 0 0 6 6 4 7 1 4 4 10 6 4 7 1 4 4 10 6 4 7 1 4 4 10 6 4 7 1 4 0 0 6 6 4 7 1 4 4 10 6 4 7 1 4 4 7 3 6 3 7 7 6 7 4 3 6 1 10 6 4 7 1 4 0 0 6 6 4 7 1 4 4 10 6 4 7 1 4 4 10 6 4 7 1 4 4 10 6 4 7 1 4 0 0 6 6 4 7 1 4 4 10 6 4 7 1 4 4 10 6 4 7 1 4 4 10 6 4 7 1 4 0 0 6 6 4 7 1 4 4 10 6 4 7 1 4 4 10 6 4 7 1 4 4 10 6 4 
7 6 4 7 1 4 0 0 6 6 4 7 1 4 4 10 6 4 7 1 4 4 10 6 4 7 1 4 4 10 6 4 7 1 4 0 0 6 6 4 7 1 4 4 10 6 4 7 1 4 4 10 6 4 7 1 4 4 10 6 4 7 1 4 0 0 6 6 4 7 1 4 4 10 6 4 7 1 4 4 10 6 4 7 1 4 4 10 6 4 7 1 4 0 0 6 6 4 7 1 4 4 10 6 4 7 1 4 4 7 3 6 3 7 7 6 7 4 3 6 1 10 6 4 7 1 4 0 0 6 6 4 7 1 4 4 10 6 4 7 1 4 4 10 6 4 7 1 4 4 10 6 4 7 1 4 0 0 6 6 4 7 1 4 4 10 6 4 7 1 4 4 10 6 4 7 1 4 4 10 6 4 7 1 4 0 0 6 6 4 7 1 4 4 10 6 4 7 1 4 4 10 6 4 7 1 4 4 10 6 4 7 1 4 0 0 6 6 4 
0 6 6 4 7 1 4 4 10 6 4 7 1 4 4 10 6 4 7 1 4 4 10 6 4 7 1 4 0 0 6 6 4 7 1 4 4 10 6 4 7 1 4 4 10 6 4 7 1 4 4 10 6 4 7 1 4 0 0 6 6 4 7 1 4 4 10 6 4 7 1 4 4 10 6 4 7 1 4 4 10 6 4 7 1 4 0 0 6 6 4 7 1 4 4 10 6 4 7 1 4 4 7 3 6 3 7 7 6 7 4 3 6 1 10 6 4 7 1 4 0 0 6 6 4 7 1 4 4 10 6 4 7 1 4 4 10 6 4 7 1 4 4 10 6 4 7 1 4 0 0 6 6 4 7 1 4 4 10 6 4 7 1 4 4 10 6 4 7 1 4 4 10 6 4 7 1 4 0 0 6 6 4 7 1 4 4 10 6 4 7 1 4 4 10 6 4 7 1 4 4 10 6 4 7 1 4 0 0 6 6 4 7 1 4 4 10 6 4 
10 6 4 7 1 4 4 10 6 4 7 1 4 4 10 6 4 7 1 4 0 0 6 6 4 7 1 4 4 10 6 4 7 1 4 4 10 6 4 7 1 4 4 10 6 4 7 1 4 0 0 6 6 4 7 1 4 4 10 6 4 7 1 4 4 10 6 4 7 1 4 4 10 6 4 7 1 4 0 0 6 6 4 7 1 4 4 10 6 4 7 1 4 4 7 3 6 3 7 7 6 7 4 3 6 1 10 6 4 7 1 4 0 0 6 6 4 7 1 4 4 10 6 4 7 1 4 4 10 6 4 7 1 4 4 10 6 4 7 1 4 0 0 6 6 4 7 1 4 4 10 6 4 7 1 4 4 10 6 4 7 1 4 4 10 6 4 7 1 4 0 0 6 6 4 7 1 4 4 10 6 4 7 1 4 4 10 6 4 7 1 4 4 10 6 4 7 1 4 0 0 6 6 4 7 1 4 4 10 6 4 7 1 4 4 1 9 6 3 2 3 
10 6 4 7 1 4 4 10 6 4 7 1 4 0 0 6 6 4 7 1 4 4 10 6 4 7 1 4 4 10 6 4 7 1 4 4 10 6 4 7 1 4 0 0 6 6 4 7 1 4 4 10 6 4 7 1 4 4 10 6 4 7 1 4 4 10 6 4 7 1 4 0 0 6 6 4 7 1 4 4 10 6 4 7 1 4 4 7 3 6 3 7 7 6 7 4 3 6 1 10 6 4 7 1 4 0 0 6 6 4 7 1 4 4 10 6 4 7 1 4 4 10 6 4 7 1 4 4 10 6 4 7 1 4 0 0 6 6 4 7 1 4 4 10 6 4 7 1 4 4 10 6 4 7 1 4 4 10 6 4 7 1 4 0 0 6 6 4 7 1 4 4 10 6 4 7 1 4 4 10 6 4 7 1 4 4 10 6 4 7 1 4 0 0 6 6 4 7 1 4 4 10 6 4 7 1 4 4 1 9 6 3 2 3 3 4 6 7 4 3 2 3 3 7 10 
10 6 4 7 1 4 0 0 6 6 4 7 1 4 4 10 6 4 7 1 4 4 10 6 4 7 1 4 4 10 6 4 7 1 4 0 0 6 6 4 7 1 4 4 10 6 4 7 1 4 4 10 6 4 7 1 4 4 10 6 4 7 1 4 0 0 6 6 4 7 1 4 4 10 6 4 7 1 4 4 7 3 6 3 7 7 6 7 4 3 6 1 10 6 4 7 1 4 0 0 6 6 4 7 1 4 4 10 6 4 7 1 4 4 10 6 4 7 1 4 4 10 6 4 7 1 4 0 0 6 6 4 7 1 4 4 10 6 4 7 1 4 4 10 6 4 7 1 4 4 10 6 4 7 1 4 0 0 6 6 4 7 1 4 4 10 6 4 7 1 4 4 10 6 4 7 1 4 4 10 6 4 7 1 4 0 0 6 6 4 7 1 4 4 10 6 4 7 1 4 4 1 9 6 3 2 3 3 4 6 7 4 3 2 3 3 7 10 10 6 4 2 10 
0 6 6 4 7 1 4 4 10 6 4 7 1 4 4 10 6 4 7 1 4 4 10 6 4 7 1 4 0 0 6 6 4 7 1 4 4 10 6 4 7 1 4 4 10 6 4 7 1 4 4 10 6 4 7 1 4 0 0 6 6 4 7 1 4 4 10 6 4 7 1 4 4 7 3 6 3 7 7 6 7 4 3 6 1 10 6 4 7 1 4 0 0 6 6 4 7 1 4 4 10 6 4 7 1 4 4 10 6 4 7 1 4 4 10 6 4 7 1 4 0 0 6 6 4 7 1 4 4 10 6 4 7 1 4 4 10 6 4 7 1 4 4 10 6 4 7 1 4 0 0 6 6 4 7 1 4 4 10 6 4 7 1 4 4 10 6 4 7 1 4 4 10 6 4 7 1 4 0 0 6 6 4 7 1 4 4 10 6 4 7 1 4 4 1 9 6 3 2 3 3 4 6 7 4 3 2 3 3 7 10 10 6 4 2 10 1 0 2 0 7 9 1 5 
10 6 4 7 1 4 4 10 6 4 7 1 4 4 10 6 4 7 1 4 0 0 6 6 4 7 1 4 4 10 6 4 7 1 4 4 10 6 4 7 1 4 4 10 6 4 7 1 4 0 0 6 6 4 7 1 4 4 10 6 4 7 1 4 4 7 3 6 3 7 7 6 7 4 3 6 1 10 6 4 7 1 4 0 0 6 6 4 7 1 4 4 10 6 4 7 1 4 4 10 6 4 7 1 4 4 10 6 4 7 1 4 0 0 6 6 4 7 1 4 4 10 6 4 7 1 4 4 10 6 4 7 1 4 4 10 6 4 7 1 4 0 0 6 6 4 7 1 4 4 10 6 4 7 1 4 4 10 6 4 7 1 4 4 10 6 4 7 1 4 0 0 6 6 4 7 1 4 4 10 6 4 7 1 4 4 1 9 6 3 2 3 3 4 6 7 4 3 2 3 3 7 10 10 6 4 2 10 1 0 2 0 7 9 1 5 
