3 8 1 4 4 1 1 1 1 1 1 1 5 3 8 1 4 4 1 1 1 1 1 1 1 5 3 8 1 4 4 1 1 1 1 1 1 1 5 3 8 1 4 4 1 1 1 1 1 1 1 5 3 8 1 4 4 1 1 1 1 1 1 1 5 3 8 1 4 4 1 1 1 1 1 1 1 5 3 8 1 4 4 1 
4 4 1 1 1 1 1 1 1 5 3 8 1 4 4 1 1 1 1 1 1 1 5 3 8 1 4 4 1 1 1 1 1 1 1 5 3 8 1 4 4 1 1 1 1 1 1 1 5 3 8 1 4 4 1 1 1 1 1 1 1 5 3 8 1 4 4 1 1 1 1 1 1 1 5 3 8 1 4 4 1 1 1 
1 1 1 1 1 1 1 5 3 8 1 4 4 1 1 1 1 1 1 1 5 3 8 1 4 4 1 1 1 1 1 1 1 5 3 8 1 4 4 1 1 1 1 1 1 1 5 3 8 1 4 4 1 1 1 1 1 1 1 5 3 8 1 4 4 1 1 1 1 1 1 1 5 3 8 1 4 4 1 1 1 1 1 1 1 
1 1 1 1 1 1 5 3 8 1 4 4 1 1 1 1 1 1 1 5 3 8 1 4 4 1 1 1 1 1 1 1 5 3 8 1 4 4 1 1 1 1 1 1 1 5 3 8 1 4 4 1 1 1 1 1 1 1 5 3 8 1 4 4 1 1 1 1 1 1 1 5 3 8 1 4 4 1 1 1 1 1 1 1 5 3 8 1 
1 5 3 8 1 4 4 1 1 1 1 1 1 1 5 3 8 1 4 4 1 1 1 1 1 1 1 5 3 8 1 4 4 1 1 1 1 1 1 1 5 3 8 1 4 4 1 1 1 1 1 1 1 5 3 8 1 4 4 1 1 1 1 1 1 1 5 3 8 1 4 4 1 1 1 1 1 1 1 5 3 8 1 4 
8 1 4 4 1 1 1 1 1 1 1 5 3 8 1 4 4 1 1 1 1 1 1 1 5 3 8 1 4 4 1 1 1 1 1 1 1 5 3 8 1 4 4 1 1 1 1 1 1 1 5 3 8 1 4 4 1 1 1 1 1 1 1 5 3 8 1 4 4 1 1 1 1 1 1 1 5 3 8 1 4 4 1 
4 1 1 1 1 1 1 1 5 3 8 1 4 4 1 1 1 1 1 1 1 5 3 8 1 4 4 1 1 1 1 1 1 1 5 3 8 1 4 4 1 1 1 1 1 1 1 5 3 8 1 4 4 1 1 1 1 1 1 1 5 3 8 1 4 4 1 1 1 1 1 1 1 5 3 8 1 4 4 1 1 1 1 1 
1 1 1 1 1 1 5 3 8 1 4 4 1 1 1 1 1 1 1 5 3 8 1 4 4 1 1 1 1 1 1 1 5 3 8 1 4 4 1 1 1 1 1 1 1 5 3 8 1 4 4 1 1 1 1 1 1 1 5 3 8 1 4 4 1 1 1 1 1 1 1 5 3 8 1 4 4 1 1 1 1 1 1 1 5 3 
1 1 1 1 5 3 8 1 4 4 1 1 1 1 1 1 1 5 3 8 1 4 4 1 1 1 1 1 1 1 5 3 8 1 4 4 1 1 1 1 1 1 1 5 3 8 1 4 4 1 1 1 1 1 1 1 5 3 8 1 4 4 1 1 1 1 1 1 1 5 3 8 1 4 4 1 1 1 1 1 1 1 5 3 8 1 4 
5 3 8 1 4 4 1 1 1 1 1 1 1 5 3 8 1 4 4 1 1 1 1 1 1 1 5 3 8 1 4 4 1 1 1 1 1 1 1 5 3 8 1 4 4 1 1 1 1 1 1 1 5 3 8 1 4 4 1 1 1 1 1 1 1 5 3 8 1 4 4 1 1 1 1 1 1 1 5 3 8 1 4 4 1 
4 4 1 1 1 1 1 1 1 5 3 8 1 4 4 1 1 1 1 1 1 1 5 3 8 1 4 4 1 1 1 1 1 1 1 5 3 8 1 4 4 1 1 1 1 1 1 1 5 3 8 1 4 4 1 1 1 1 1 1 1 5 3 8 1 4 4 1 1 1 1 1 1 1 5 3 8 1 4 4 1 1 
4 1 1 1 1 1 1 1 5 3 8 1 4 4 1 1 1 1 1 1 1 5 3 8 1 4 4 1 1 1 1 1 1 1 5 3 8 1 4 4 1 1 1 1 1 1 1 5 3 8 1 4 4 1 1 1 1 1 1 1 5 3 8 1 4 4 1 1 1 1 1 1 1 5 3 8 1 4 4 1 1 1 1 1 1 1 
1 1 1 1 1 1 5 3 8 1 4 4 1 1 1 1 1 1 1 5 3 8 1 4 4 1 1 1 1 1 1 1 5 3 8 1 4 4 1 1 1 1 1 1 1 5 3 8 1 4 4 1 1 1 1 1 1 1 5 3 8 1 4 4 1 1 1 1 1 1 1 5 3 8 1 4 4 1 1 1 1 1 1 1 5 3 8 
1 1 5 3 8 1 4 4 1 1 1 1 1 1 1 5 3 8 1 4 4 1 1 1 1 1 1 1 5 3 8 1 4 4 1 1 1 1 1 1 1 5 3 8 1 4 4 1 1 1 1 1 1 1 5 3 8 1 4 4 1 1 1 1 1 1 1 5 3 8 1 4 4 1 1 1 1 1 1 1 5 3 8 1 4 
8 1 4 4 1 1 1 1 1 1 1 5 3 8 1 4 4 1 1 1 1 1 1 1 5 3 8 1 4 4 1 1 1 1 1 1 1 5 3 8 1 4 4 1 1 1 1 1 1 1 5 3 8 1 4 4 1 1 1 1 1 1 1 5 3 8 1 4 4 1 1 1 1 1 1 1 5 3 8 1 4 4 1 
4 1 1 1 1 1 1 1 5 3 8 1 4 4 1 1 1 1 1 1 1 5 3 8 1 4 4 1 1 1 1 1 1 1 5 3 8 1 4 4 1 1 1 1 1 1 1 5 3 8 1 4 4 1 1 1 1 1 1 1 5 3 8 1 4 4 1 1 1 1 1 1 1 5 3 8 1 4 4 1 1 1 1 1 
1 1 1 1 1 1 5 3 8 1 4 4 1 1 1 1 1 1 1 5 3 8 1 4 4 1 1 1 1 1 1 1 5 3 8 1 4 4 1 1 1 1 1 1 1 5 3 8 1 4 4 1 1 1 1 1 1 1 5 3 8 1 4 4 1 1 1 1 1 1 1 5 3 8 1 4 4 1 1 1 1 1 1 1 5 
1 1 1 1 1 5 3 8 1 4 4 1 1 1 1 1 1 1 5 3 8 1 4 4 1 1 1 1 1 1 1 5 3 8 1 4 4 1 1 1 1 1 1 1 5 3 8 1 4 4 1 1 1 1 1 1 1 5 3 8 1 4 4 1 1 1 1 1 1 1 5 3 8 1 4 4 1 1 1 1 1 1 1 5 3 8 1 4 
5 3 8 1 4 4 1 1 1 1 1 1 1 5 3 8 1 4 4 1 1 1 1 1 1 1 5 3 8 1 4 4 1 1 1 1 1 1 1 5 3 8 1 4 4 1 1 1 1 1 1 1 5 3 8 1 4 4 1 1 1 1 1 1 1 5 3 8 1 4 4 1 1 1 1 1 1 1 5 3 8 1 4 4 
1 4 4 1 1 1 1 1 1 1 5 3 8 1 4 4 1 1 1 1 1 1 1 5 3 8 1 4 4 1 1 1 1 1 1 1 5 3 8 1 4 4 1 1 1 1 1 1 1 5 3 8 1 4 4 1 1 1 1 1 1 1 5 3 8 1 4 4 1 1 1 1 1 1 1 5 3 8 1 4 4 1 1 
4 1 1 1 1 1 1 1 5 3 8 1 4 4 1 1 1 1 1 1 1 5 3 8 1 4 4 1 1 1 1 1 1 1 5 3 8 1 4 4 1 1 1 1 1 1 1 5 3 8 1 4 4 1 1 1 1 1 1 1 5 3 8 1 4 4 1 1 1 1 1 1 1 5 3 8 1 4 4 1 1 1 1 1 1 
1 1 1 1 1 1 5 3 8 1 4 4 1 1 1 1 1 1 1 5 3 8 1 4 4 1 1 1 1 1 1 1 5 3 8 1 4 4 1 1 1 1 1 1 1 5 3 8 1 4 4 1 1 1 1 1 1 1 5 3 8 1 4 4 1 1 1 1 1 1 1 5 3 8 1 4 4 1 1 1 1 1 1 1 5 3 8 
1 1 5 3 8 1 4 4 1 1 1 1 1 1 1 5 3 8 1 4 4 1 1 1 1 1 1 1 5 3 8 1 4 4 1 1 1 1 1 1 1 5 3 8 1 4 4 1 1 1 1 1 1 1 5 3 8 1 4 4 1 1 1 1 1 1 1 5 3 8 1 4 4 1 1 1 1 1 1 1 5 3 8 1 4 
3 8 1 4 4 1 1 1 1 1 1 1 5 3 8 1 4 4 1 1 1 1 1 1 1 5 3 8 1 4 4 1 1 1 1 1 1 1 5 3 8 1 4 4 1 1 1 1 1 1 1 5 3 8 1 4 4 1 1 1 1 1 1 1 5 3 8 1 4 4 1 1 1 1 1 1 1 5 3 8 1 4 4 1 
4 1 1 1 1 1 1 1 5 3 8 1 4 4 1 1 1 1 1 1 1 5 3 8 1 4 4 1 1 1 1 1 1 1 5 3 8 1 4 4 1 1 1 1 1 1 1 5 3 8 1 4 4 1 1 1 1 1 1 1 5 3 8 1 4 4 1 1 1 1 1 1 1 5 3 8 1 4 4 1 1 1 1 
1 1 1 1 1 1 1 5 3 8 1 4 4 1 1 1 1 1 1 1 5 3 8 1 4 4 1 1 1 1 1 1 1 5 3 8 1 4 4 1 1 1 1 1 1 1 5 3 8 1 4 4 1 1 1 1 1 1 1 5 3 8 1 4 4 1 1 1 1 1 1 1 5 3 8 1 4 4 1 1 1 1 1 1 1 5 
1 1 1 1 1 5 3 8 1 4 4 1 1 1 1 1 1 1 5 3 8 1 4 4 1 1 1 1 1 1 1 5 3 8 1 4 4 1 1 1 1 1 1 1 5 3 8 1 4 4 1 1 1 1 1 1 1 5 3 8 1 4 4 1 1 1 1 1 1 1 5 3 8 1 4 4 1 1 1 1 1 1 1 5 3 8 1 
1 5 3 8 1 4 4 1 1 1 1 1 1 1 5 3 8 1 4 4 1 1 1 1 1 1 1 5 3 8 1 4 4 1 1 1 1 1 1 1 5 3 8 1 4 4 1 1 1 1 1 1 1 5 3 8 1 4 4 1 1 1 1 1 1 1 5 3 8 1 4 4 1 1 1 1 1 1 1 5 3 8 1 4 4 
1 4 4 1 1 1 1 1 1 1 5 3 8 1 4 4 1 1 1 1 1 1 1 5 3 8 1 4 4 1 1 1 1 1 1 1 5 3 8 1 4 4 1 1 1 1 1 1 1 5 3 8 1 4 4 1 1 1 1 1 1 1 5 3 8 1 4 4 1 1 1 1 1 1 1 5 3 8 1 4 4 1 
4 1 1 1 1 1 1 1 5 3 8 1 4 4 1 1 1 1 1 1 1 5 3 8 1 4 4 1 1 1 1 1 1 1 5 3 8 1 4 4 1 1 1 1 1 1 1 5 3 8 1 4 4 1 1 1 1 1 1 1 5 3 8 1 4 4 1 1 1 1 1 1 1 5 3 8 1 4 4 1 1 1 1 1 1 
1 1 1 1 1 1 5 3 8 1 4 4 1 1 1 1 1 1 1 5 3 8 1 4 4 1 1 1 1 1 1 1 5 3 8 1 4 4 1 1 1 1 1 1 1 5 3 8 1 4 4 1 1 1 1 1 1 1 5 3 8 1 4 4 1 1 1 1 1 1 1 5 3 8 1 4 4 1 1 1 1 1 1 1 5 3 
1 1 1 5 3 8 1 4 4 1 1 1 1 1 1 1 5 3 8 1 4 4 1 1 1 1 1 1 1 5 3 8 1 4 4 1 1 1 1 1 1 1 5 3 8 1 4 4 1 1 1 1 1 1 1 5 3 8 1 4 4 1 1 1 1 1 1 1 5 3 8 1 4 4 1 1 1 1 1 1 1 5 3 8 1 4 
3 8 1 4 4 1 1 1 1 1 1 1 5 3 8 1 4 4 1 1 1 1 1 1 1 5 3 8 1 4 4 1 1 1 1 1 1 1 5 3 8 1 4 4 1 1 1 1 1 1 1 5 3 8 1 4 4 1 1 1 1 1 1 1 5 3 8 1 4 4 1 1 1 1 1 1 1 5 3 8 1 4 4 1 
4 4 1 1 1 1 1 1 1 5 3 8 1 4 4 1 1 1 1 1 1 1 5 3 8 1 4 4 1 1 1 1 1 1 1 5 3 8 1 4 4 1 1 1 1 1 1 1 5 3 8 1 4 4 1 1 1 1 1 1 1 5 3 8 1 4 4 1 1 1 1 1 1 1 5 3 8 1 4 4 1 1 1 
1 1 1 1 1 1 1 5 3 8 1 4 4 1 1 1 1 1 1 1 5 3 8 1 4 4 1 1 1 1 1 1 1 5 3 8 1 4 4 1 1 1 1 1 1 1 5 3 8 1 4 4 1 1 1 1 1 1 1 5 3 8 1 4 4 1 1 1 1 1 1 1 5 3 8 1 4 4 1 1 1 1 1 1 1 
1 1 1 1 1 1 5 3 8 1 4 4 1 1 1 1 1 1 1 5 3 8 1 4 4 1 1 1 1 1 1 1 5 3 8 1 4 4 1 1 1 1 1 1 1 5 3 8 1 4 4 1 1 1 1 1 1 1 5 3 8 1 4 4 1 1 1 1 1 1 1 5 3 8 1 4 4 1 1 1 1 1 1 1 5 3 8 1 
1 5 3 8 1 4 4 1 1 1 1 1 1 1 5 3 8 1 4 4 1 1 1 1 1 1 1 5 3 8 1 4 4 1 1 1 1 1 1 1 5 3 8 1 4 4 1 1 1 1 1 1 1 5 3 8 1 4 4 1 1 1 1 1 1 1 5 3 8 1 4 4 1 1 1 1 1 1 1 5 3 8 1 4 
8 1 4 4 1 1 1 1 1 1 1 5 3 8 1 4 4 1 1 1 1 1 1 1 5 3 8 1 4 4 1 1 1 1 1 1 1 5 3 8 1 4 4 1 1 1 1 1 1 1 5 3 8 1 4 4 1 1 1 1 1 1 1 5 3 8 1 4 4 1 1 1 1 1 1 1 5 3 8 1 4 4 1 
4 1 1 1 1 1 1 1 5 3 8 1 4 4 1 1 1 1 1 1 1 5 3 8 1 4 4 1 1 1 1 1 1 1 5 3 8 1 4 4 1 1 1 1 1 1 1 5 3 8 1 4 4 1 1 1 1 1 1 1 5 3 8 1 4 4 1 1 1 1 1 1 1 5 3 8 1 4 4 1 1 1 1 1 
1 1 1 1 1 1 5 3 8 1 4 4 1 1 1 1 1 1 1 5 3 8 1 4 4 1 1 1 1 1 1 1 5 3 8 1 4 4 1 1 1 1 1 1 1 5 3 8 1 4 4 1 1 1 1 1 1 1 5 3 8 1 4 4 1 1 1 1 1 1 1 5 3 8 1 4 4 1 1 1 1 1 1 1 5 3 
1 1 1 1 5 3 8 1 4 4 1 1 1 1 1 1 1 5 3 8 1 4 4 1 1 1 1 1 1 1 5 3 8 1 4 4 1 1 1 1 1 1 1 5 3 8 1 4 4 1 1 1 1 1 1 1 5 3 8 1 4 4 1 1 1 1 1 1 1 5 3 8 1 4 4 1 1 1 1 1 1 1 5 3 8 1 4 
5 3 8 1 4 4 1 1 1 1 1 1 1 5 3 8 1 4 4 1 1 1 1 1 1 1 5 3 8 1 4 4 1 1 1 1 1 1 1 5 3 8 1 4 4 1 1 1 1 1 1 1 5 3 8 1 4 4 1 1 1 1 1 1 1 5 3 8 1 4 4 1 1 1 1 1 1 1 5 3 8 1 4 4 1 
4 4 1 1 1 1 1 1 1 5 3 8 1 4 4 1 1 1 1 1 1 1 5 3 8 1 4 4 1 1 1 1 1 1 1 5 3 8 1 4 4 1 1 1 1 1 1 1 5 3 8 1 4 4 1 1 1 1 1 1 1 5 3 8 1 4 4 1 1 1 1 1 1 1 5 3 8 1 4 4 1 1 
4 1 1 1 1 1 1 1 5 3 8 1 4 4 1 1 1 1 1 1 1 5 3 8 1 4 4 1 1 1 1 1 1 1 5 3 8 1 4 4 1 1 1 1 1 1 1 5 3 8 1 4 4 1 1 1 1 1 1 1 5 3 8 1 4 4 1 1 1 1 1 1 1 5 3 8 1 4 4 1 1 1 1 1 1 1 
1 1 1 1 1 1 5 3 8 1 4 4 1 1 1 1 1 1 1 5 3 8 1 4 4 1 1 1 1 1 1 1 5 3 8 1 4 4 1 1 1 1 1 1 1 5 3 8 1 4 4 1 1 1 1 1 1 1 5 3 8 1 4 4 1 1 1 1 1 1 1 5 3 8 1 4 4 1 1 1 1 1 1 1 5 3 8 
1 1 5 3 8 1 4 4 1 1 1 1 1 1 1 5 3 8 1 4 4 1 1 1 1 1 1 1 5 3 8 1 4 4 1 1 1 1 1 1 1 5 3 8 1 4 4 1 1 1 1 1 1 1 5 3 8 1 4 4 1 1 1 1 1 1 1 5 3 8 1 4 4 1 1 1 1 1 1 1 5 3 8 1 4 
8 1 4 4 1 1 1 1 1 1 1 5 3 8 1 4 4 1 1 1 1 1 1 1 5 3 8 1 4 4 1 1 1 1 1 1 1 5 3 8 1 4 4 1 1 1 1 1 1 1 5 3 8 1 4 4 1 1 1 1 1 1 1 5 3 8 1 4 4 1 1 1 1 1 1 1 5 3 8 1 4 4 1 
4 1 1 1 1 1 1 1 5 3 8 1 4 4 1 1 1 1 1 1 1 5 3 8 1 4 4 1 1 1 1 1 1 1 5 3 8 1 4 4 1 1 1 1 1 1 1 5 3 8 1 4 4 1 1 1 1 1 1 1 5 3 8 1 4 4 1 1 1 1 1 1 1 5 3 8 1 4 4 1 1 1 1 1 
1 1 1 1 1 1 5 3 8 1 4 4 1 1 1 1 1 1 1 5 3 8 1 4 4 1 1 1 1 1 1 1 5 3 8 1 4 4 1 1 1 1 1 1 1 5 3 8 1 4 4 1 1 1 1 1 1 1 5 3 8 1 4 4 1 1 1 1 1 1 1 5 3 8 1 4 4 1 1 1 1 1 1 1 5 
1 1 1 1 1 5 3 8 1 4 4 1 1 1 1 1 1 1 5 3 8 1 4 4 1 1 1 1 1 1 1 5 3 8 1 4 4 1 1 1 1 1 1 1 5 3 8 1 4 4 1 1 1 1 1 1 1 5 3 8 1 4 4 1 1 1 1 1 1 1 5 3 8 1 4 4 1 1 1 1 1 1 1 5 3 8 1 4 
5 3 8 1 4 4 1 1 1 1 1 1 1 5 3 8 1 4 4 1 1 1 1 1 1 1 5 3 8 1 4 4 1 1 1 1 1 1 1 5 3 8 1 4 4 1 1 1 1 1 1 1 5 3 8 1 4 4 1 1 1 1 1 1 1 5 3 8 1 4 4 1 1 1 1 1 1 1 5 3 8 1 4 4 
1 4 4 1 1 1 1 1 1 1 5 3 8 1 4 4 1 1 1 1 1 1 1 5 3 8 1 4 4 1 1 1 1 1 1 1 5 3 8 1 4 4 1 1 1 1 1 1 1 5 3 8 1 4 4 1 1 1 1 1 1 1 5 3 8 1 4 4 1 1 1 1 1 1 1 5 3 8 1 4 4 1 1 
4 1 1 1 1 1 1 1 5 3 8 1 4 4 1 1 1 1 1 1 1 5 3 8 1 4 4 1 1 1 1 1 1 1 5 3 8 1 4 4 1 1 1 1 1 1 1 5 3 8 1 4 4 1 1 1 1 1 1 1 5 3 8 1 4 4 1 1 1 1 1 1 1 5 3 8 1 4 4 1 1 1 1 1 1 
1 1 1 1 1 1 5 3 8 1 4 4 1 1 1 1 1 1 1 5 3 8 1 4 4 1 1 1 1 1 1 1 5 3 8 1 4 4 1 1 1 1 1 1 1 5 3 8 1 4 4 1 1 1 1 1 1 1 5 3 8 1 4 4 1 1 1 1 1 1 1 5 3 8 1 4 4 1 1 1 1 1 1 1 5 3 8 
1 1 5 3 8 1 4 4 1 1 1 1 1 1 1 5 3 8 1 4 4 1 1 1 1 1 1 1 5 3 8 1 4 4 1 1 1 1 1 1 1 5 3 8 1 4 4 1 1 1 1 1 1 1 5 3 8 1 4 4 1 1 1 1 1 1 1 5 3 8 1 4 4 1 1 1 1 1 1 1 5 3 8 1 4 
3 8 1 4 4 1 1 1 1 1 1 1 5 3 8 1 4 4 1 1 1 1 1 1 1 5 3 8 1 4 4 1 1 1 1 1 1 1 5 3 8 1 4 4 1 1 1 1 1 1 1 5 3 8 1 4 4 1 1 1 1 1 1 1 5 3 8 1 4 4 1 1 1 1 1 1 1 5 3 8 1 4 4 1 
4 1 1 1 1 1 1 1 5 3 8 1 4 4 1 1 1 1 1 1 1 5 3 8 1 4 4 1 1 1 1 1 1 1 5 3 8 1 4 4 1 1 1 1 1 1 1 5 3 8 1 4 4 1 1 1 1 1 1 1 5 3 8 1 4 4 1 1 1 1 1 1 1 5 3 8 1 4 4 1 1 1 1 
1 1 1 1 1 1 1 5 3 8 1 4 4 1 1 1 1 1 1 1 5 3 8 1 4 4 1 1 1 1 1 1 1 5 3 8 1 4 4 1 1 1 1 1 1 1 5 3 8 1 4 4 1 1 1 1 1 1 1 5 3 8 1 4 4 1 1 1 1 1 1 1 5 3 8 1 4 4 1 1 1 1 1 1 1 5 
1 1 1 1 1 5 3 8 1 4 4 1 1 1 1 1 1 1 5 3 8 1 4 4 1 1 1 1 1 1 1 5 3 8 1 4 4 1 1 1 1 1 1 1 5 3 8 1 4 4 1 1 1 1 1 1 1 5 3 8 1 4 4 1 1 1 1 1 1 1 5 3 8 1 4 4 1 1 1 1 1 1 1 5 3 8 1 
1 5 3 8 1 4 4 1 1 1 1 1 1 1 5 3 8 1 4 4 1 1 1 1 1 1 1 5 3 8 1 4 4 1 1 1 1 1 1 1 5 3 8 1 4 4 1 1 1 1 1 1 1 5 3 8 1 4 4 1 1 1 1 1 1 1 5 3 8 1 4 4 1 1 1 1 1 1 1 5 3 8 1 4 4 
1 4 4 1 1 1 1 1 1 1 5 3 8 1 4 4 1 1 1 1 1 1 1 5 3 8 1 4 4 1 1 1 1 1 1 1 5 3 8 1 4 4 1 1 1 1 1 1 1 5 3 8 1 4 4 1 1 1 1 1 1 1 5 3 8 1 4 4 1 1 1 1 1 1 1 5 3 8 1 4 4 1 
4 1 1 1 1 1 1 1 5 3 8 1 4 4 1 1 1 1 1 1 1 5 3 8 1 4 4 1 1 1 1 1 1 1 5 3 8 1 4 4 1 1 1 1 1 1 1 5 3 8 1 4 4 1 1 1 1 1 1 1 5 3 8 1 4 4 1 1 1 1 1 1 1 5 3 8 1 4 4 1 1 1 1 1 1 
1 1 1 1 1 1 5 3 8 1 4 4 1 1 1 1 1 1 1 5 3 8 1 4 4 1 1 1 1 1 1 1 5 3 8 1 4 4 1 1 1 1 1 1 1 5 3 8 1 4 4 1 1 1 1 1 1 1 5 3 8 1 4 4 1 1 1 1 1 1 1 5 3 8 1 4 4 1 1 1 1 1 1 1 5 3 
1 1 1 5 3 8 1 4 4 1 1 1 1 1 1 1 5 3 8 1 4 4 1 1 1 1 1 1 1 5 3 8 1 4 4 1 1 1 1 1 1 1 5 3 8 1 4 4 1 1 1 1 1 1 1 5 3 8 1 4 4 1 1 1 1 1 1 1 5 3 8 1 4 4 1 1 1 1 1 1 1 5 3 8 1 4 
3 8 1 4 4 1 1 1 1 1 1 1 5 3 8 1 4 4 1 1 1 1 1 1 1 5 3 8 1 4 4 1 1 1 1 1 1 1 5 3 8 1 4 4 1 1 1 1 1 1 1 5 3 8 1 4 4 1 1 1 1 1 1 1 5 3 8 1 4 4 1 1 1 1 1 1 1 5 3 8 1 4 4 1 
4 4 1 1 1 1 1 1 1 5 3 8 1 4 4 1 1 1 1 1 1 1 5 3 8 1 4 4 1 1 1 1 1 1 1 5 3 8 1 4 4 1 1 1 1 1 1 1 5 3 8 1 4 4 1 1 1 1 1 1 1 5 3 8 1 4 4 1 1 1 1 1 1 1 5 3 8 1 4 4 1 1 1 
1 1 1 1 1 1 1 5 3 8 1 4 4 1 1 1 1 1 1 1 5 3 8 1 4 4 1 1 1 1 1 1 1 5 3 8 1 4 4 1 1 1 1 1 1 1 5 3 8 1 4 4 1 1 1 1 1 1 1 5 3 8 1 4 4 1 1 1 1 1 1 1 5 3 8 1 4 4 1 1 1 1 1 1 1 
1 1 1 1 1 1 5 3 8 1 4 4 1 1 1 1 1 1 1 5 3 8 1 4 4 1 1 1 1 1 1 1 5 3 8 1 4 4 1 1 1 1 1 1 1 5 3 8 1 4 4 1 1 1 1 1 1 1 5 3 8 1 4 4 1 1 1 1 1 1 1 5 3 8 1 4 4 1 1 1 1 1 1 1 5 3 8 1 
1 5 3 8 1 4 4 1 1 1 1 1 1 1 5 3 8 1 4 4 1 1 1 1 1 1 1 5 3 8 1 4 4 1 1 1 1 1 1 1 5 3 8 1 4 4 1 1 1 1 1 1 1 5 3 8 1 4 4 1 1 1 1 1 1 1 5 3 8 1 4 4 1 1 1 1 1 1 1 5 3 8 1 4 
8 1 4 4 1 1 1 1 1 1 1 5 3 8 1 4 4 1 1 1 1 1 1 1 5 3 8 1 4 4 1 1 1 1 1 1 1 5 3 8 1 4 4 1 1 1 1 1 1 1 5 3 8 1 4 4 1 1 1 1 1 1 1 5 3 8 1 4 4 1 1 1 1 1 1 1 5 3 8 1 4 4 1 
4 1 1 1 1 1 1 1 5 3 8 1 4 4 1 1 1 1 1 1 1 5 3 8 1 4 4 1 1 1 1 1 1 1 5 3 8 1 4 4 1 1 1 1 1 1 1 5 3 8 1 4 4 1 1 1 1 1 1 1 5 3 8 1 4 4 1 1 1 1 1 1 1 5 3 8 1 4 4 1 1 1 1 1 
1 1 1 1 1 1 5 3 8 1 4 4 1 1 1 1 1 1 1 5 3 8 1 4 4 1 1 1 1 1 1 1 5 3 8 1 4 4 1 1 1 1 1 1 1 5 3 8 1 4 4 1 1 1 1 1 1 1 5 3 8 1 4 4 1 1 1 1 1 1 1 5 3 8 1 4 4 1 1 1 1 1 1 1 5 3 
1 1 1 1 5 3 8 1 4 4 1 1 1 1 1 1 1 5 3 8 1 4 4 1 1 1 1 1 1 1 5 3 8 1 4 4 1 1 1 1 1 1 1 5 3 8 1 4 4 1 1 1 1 1 1 1 5 3 8 1 4 4 1 1 1 1 1 1 1 5 3 8 1 4 4 1 1 1 1 1 1 1 5 3 8 1 4 
5 3 8 1 4 4 1 1 1 1 1 1 1 5 3 8 1 4 4 1 1 1 1 1 1 1 5 3 8 1 4 4 1 1 1 1 1 1 1 5 3 8 1 4 4 1 1 1 1 1 1 1 5 3 8 1 4 4 1 1 1 1 1 1 1 5 3 8 1 4 4 1 1 1 1 1 1 1 5 3 8 1 4 4 1 
4 4 1 1 1 1 1 1 1 5 3 8 1 4 4 1 1 1 1 1 1 1 5 3 8 1 4 4 1 1 1 1 1 1 1 5 3 8 1 4 4 1 1 1 1 1 1 1 5 3 8 1 4 4 1 1 1 1 1 1 1 5 3 8 1 4 4 1 1 1 1 1 1 1 5 3 8 1 4 4 1 1 
4 1 1 1 1 1 1 1 5 3 8 1 4 4 1 1 1 1 1 1 1 5 3 8 1 4 4 1 1 1 1 1 1 1 5 3 8 1 4 4 1 1 1 1 1 1 1 5 3 8 1 4 4 1 1 1 1 1 1 1 5 3 8 1 4 4 1 1 1 1 1 1 1 5 3 8 1 4 4 1 1 1 1 1 1 1 
1 1 1 1 1 1 5 3 8 1 4 4 1 1 1 1 1 1 1 5 3 8 1 4 4 1 1 1 1 1 1 1 5 3 8 1 4 4 1 1 1 1 1 1 1 5 3 8 1 4 4 1 1 1 1 1 1 1 5 3 8 1 4 4 1 1 1 1 1 1 1 5 3 8 1 4 4 1 1 1 1 1 1 1 5 3 8 
1 1 5 3 8 1 4 4 1 1 1 1 1 1 1 5 3 8 1 4 4 1 1 1 1 1 1 1 5 3 8 1 4 4 1 1 1 1 1 1 1 5 3 8 1 4 4 1 1 1 1 1 1 1 5 3 8 1 4 4 1 1 1 1 1 1 1 5 3 8 1 4 4 1 1 1 1 1 1 1 5 3 8 1 4 
8 1 4 4 1 1 1 1 1 1 1 5 3 8 1 4 4 1 1 1 1 1 1 1 5 3 8 1 4 4 1 1 1 1 1 1 1 5 3 8 1 4 4 1 1 1 1 1 1 1 5 3 8 1 4 4 1 1 1 1 1 1 1 5 3 8 1 4 4 1 1 1 1 1 1 1 5 3 8 1 4 4 1 
4 1 1 1 1 1 1 1 5 3 8 1 4 4 1 1 1 1 1 1 1 5 3 8 1 4 4 1 1 1 1 1 1 1 5 3 8 1 4 4 1 1 1 1 1 1 1 5 3 8 1 4 4 1 1 1 1 1 1 1 5 3 8 1 4 4 1 1 1 1 1 1 1 5 3 8 1 4 4 1 1 1 1 1 
1 1 1 1 1 1 5 3 8 1 4 4 1 1 1 1 1 1 1 5 3 8 1 4 4 1 1 1 1 1 1 1 5 3 8 1 4 4 1 1 1 1 1 1 1 5 3 8 1 4 4 1 1 1 1 1 1 1 5 3 8 1 4 4 1 1 1 1 1 1 1 5 3 8 1 4 4 1 1 1 1 1 1 1 5 
1 1 1 1 1 5 3 8 1 4 4 1 1 1 1 1 1 1 5 3 8 1 4 4 1 1 1 1 1 1 1 5 3 8 1 4 4 1 1 1 1 1 1 1 5 3 8 1 4 4 1 1 1 1 1 1 1 5 3 8 1 4 4 1 1 1 1 1 1 1 5 3 8 1 4 4 1 1 1 1 1 1 1 5 3 8 1 4 
5 3 8 1 4 4 1 1 1 1 1 1 1 5 3 8 1 4 4 1 1 1 1 1 1 1 5 3 8 1 4 4 1 1 1 1 1 1 1 5 3 8 1 4 4 1 1 1 1 1 1 1 5 3 8 1 4 4 1 1 1 1 1 1 1 5 3 8 1 4 4 1 1 1 1 1 1 1 5 3 8 1 4 4 
1 4 4 1 1 1 1 1 1 1 5 3 8 1 4 4 1 1 1 1 1 1 1 5 3 8 1 4 4 1 1 1 1 1 1 1 5 3 8 1 4 4 1 1 1 1 1 1 1 5 3 8 1 4 4 1 1 1 1 1 1 1 5 3 8 1 4 4 1 1 1 1 1 1 1 5 3 8 1 4 4 1 1 
4 1 1 1 1 1 1 1 5 3 8 1 4 4 1 1 1 1 1 1 1 5 3 8 1 4 4 1 1 1 1 1 1 1 5 3 8 1 4 4 1 1 1 1 1 1 1 5 3 8 1 4 4 1 1 1 1 1 1 1 5 3 8 1 4 4 1 1 1 1 1 1 1 5 3 8 1 4 4 1 1 1 1 1 1 
1 1 1 1 1 1 5 3 8 1 4 4 1 1 1 1 1 1 1 5 3 8 1 4 4 1 1 1 1 1 1 1 5 3 8 1 4 4 1 1 1 1 1 1 1 5 3 8 1 4 4 1 1 1 1 1 1 1 5 3 8 1 4 4 1 1 1 1 1 1 1 5 3 8 1 4 4 1 1 1 1 1 1 1 5 3 8 
1 1 5 3 8 1 4 4 1 1 1 1 1 1 1 5 3 8 1 4 4 1 1 1 1 1 1 1 5 3 8 1 4 4 1 1 1 1 1 1 1 5 3 8 1 4 4 1 1 1 1 1 1 1 5 3 8 1 4 4 1 1 1 1 1 1 1 5 3 8 1 4 4 1 1 1 1 1 1 1 5 3 8 1 4 
3 8 1 4 4 1 1 1 1 1 1 1 5 3 8 1 4 4 1 1 1 1 1 1 1 5 3 8 1 4 4 1 1 1 1 1 1 1 5 3 8 1 4 4 1 1 1 1 1 1 1 5 3 8 1 4 4 1 1 1 1 1 1 1 5 3 8 1 4 4 1 1 1 1 1 1 1 5 3 8 1 4 4 1 
4 1 1 1 1 1 1 1 5 3 8 1 4 4 1 1 1 1 1 1 1 5 3 8 1 4 4 1 1 1 1 1 1 1 5 3 8 1 4 4 1 1 1 1 1 1 1 5 3 8 1 4 4 1 1 1 1 1 1 1 5 3 8 1 4 4 1 1 1 1 1 1 1 5 3 8 1 4 4 1 1 1 1 
1 1 1 1 1 1 1 5 3 8 1 4 4 1 1 1 1 1 1 1 5 3 8 1 4 4 1 1 1 1 1 1 1 5 3 8 1 4 4 1 1 1 1 1 1 1 5 3 8 1 4 4 1 1 1 1 1 1 1 5 3 8 1 4 4 1 1 1 1 1 1 1 5 3 8 1 4 4 1 1 1 1 1 1 1 5 
1 1 1 1 1 5 3 8 1 4 4 1 1 1 1 1 1 1 5 3 8 1 4 4 1 1 1 1 1 1 1 5 3 8 1 4 4 1 1 1 1 1 1 1 5 3 8 1 4 4 1 1 1 1 1 1 1 5 3 8 1 4 4 1 1 1 1 1 1 1 5 3 8 1 4 4 1 1 1 1 1 1 1 5 3 8 1 
1 5 3 8 1 4 4 1 1 1 1 1 1 1 5 3 8 1 4 4 1 1 1 1 1 1 1 5 3 8 1 4 4 1 1 1 1 1 1 1 5 3 8 1 4 4 1 1 1 1 1 1 1 5 3 8 1 4 4 1 1 1 1 1 1 1 5 3 8 1 4 4 1 1 1 1 1 1 1 5 3 8 1 4 4 
1 4 4 1 1 1 1 1 1 1 5 3 8 1 4 4 1 1 1 1 1 1 1 5 3 8 1 4 4 1 1 1 1 1 1 1 5 3 8 1 4 4 1 1 1 1 1 1 1 5 3 8 1 4 4 1 1 1 1 1 1 1 5 3 8 1 4 4 1 1 1 1 1 1 1 5 3 8 1 4 4 1 
4 1 1 1 1 1 1 1 5 3 8 1 4 4 1 1 1 1 1 1 1 5 3 8 1 4 4 1 1 1 1 1 1 1 5 3 8 1 4 4 1 1 1 1 1 1 1 5 3 8 1 4 4 1 1 1 1 1 1 1 5 3 8 1 4 4 1 1 1 1 1 1 1 5 3 8 1 4 4 1 1 1 1 1 1 
1 1 1 1 1 1 5 3 8 1 4 4 1 1 1 1 1 1 1 5 3 8 1 4 4 1 1 1 1 1 1 1 5 3 8 1 4 4 1 1 1 1 1 1 1 5 3 8 1 4 4 1 1 1 1 1 1 1 5 3 8 1 4 4 1 1 1 1 1 1 1 5 3 8 1 4 4 1 1 1 1 1 1 1 5 3 
1 1 1 5 3 8 1 4 4 1 1 1 1 1 1 1 5 3 8 1 4 4 1 1 1 1 1 1 1 5 3 8 1 4 4 1 1 1 1 1 1 1 5 3 8 1 4 4 1 1 1 1 1 1 1 5 3 8 1 4 4 1 1 1 1 1 1 1 5 3 8 1 4 4 1 1 1 1 1 1 1 5 3 8 1 4 
3 8 1 4 4 1 1 1 1 1 1 1 5 3 8 1 4 4 1 1 1 1 1 1 1 5 3 8 1 4 4 1 1 1 1 1 1 1 5 3 8 1 4 4 1 1 1 1 1 1 1 5 3 8 1 4 4 1 1 1 1 1 1 1 5 3 8 1 4 4 1 1 1 1 1 1 1 5 3 8 1 4 4 1 
4 4 1 1 1 1 1 1 1 5 3 8 1 4 4 1 1 1 1 1 1 1 5 3 8 1 4 4 1 1 1 1 1 1 1 5 3 8 1 4 4 1 1 1 1 1 1 1 5 3 8 1 4 4 1 1 1 1 1 1 1 5 3 8 1 4 4 1 1 1 1 1 1 1 5 3 8 1 4 4 1 1 1 
1 1 1 1 1 1 1 5 3 8 1 4 4 1 1 1 1 1 1 1 5 3 8 1 4 4 1 1 1 1 1 1 1 5 3 8 1 4 4 1 1 1 1 1 1 1 5 3 8 1 4 4 1 1 1 1 1 1 1 5 3 8 1 4 4 1 1 1 1 1 1 1 5 3 8 1 4 4 1 1 1 1 1 1 1 
1 1 1 1 1 1 5 3 8 1 4 4 1 1 1 1 1 1 1 5 3 8 1 4 4 1 1 1 1 1 1 1 5 3 8 1 4 4 1 1 1 1 1 1 1 5 3 8 1 4 4 1 1 1 1 1 1 1 5 3 8 1 4 4 1 1 1 1 1 1 1 5 3 8 1 4 4 1 1 1 1 1 1 1 5 3 8 1 
1 5 3 8 1 4 4 1 1 1 1 1 1 1 5 3 8 1 4 4 1 1 1 1 1 1 1 5 3 8 1 4 4 1 1 1 1 1 1 1 5 3 8 1 4 4 1 1 1 1 1 1 1 5 3 8 1 4 4 1 1 1 1 1 1 1 5 3 8 1 4 4 1 1 1 1 1 1 1 5 3 8 1 4 
8 1 4 4 1 1 1 1 1 1 1 5 3 8 1 4 4 1 1 1 1 1 1 1 5 3 8 1 4 4 1 1 1 1 1 1 1 5 3 8 1 4 4 1 1 1 1 1 1 1 5 3 8 1 4 4 1 1 1 1 1 1 1 5 3 8 1 4 4 1 1 1 1 1 1 1 5 3 8 1 4 4 1 
4 1 1 1 1 1 1 1 5 3 8 1 4 4 1 1 1 1 1 1 1 5 3 8 1 4 4 1 1 1 1 1 1 1 5 3 8 1 4 4 1 1 1 1 1 1 1 5 3 8 1 4 4 1 1 1 1 1 1 1 5 3 8 1 4 4 1 1 1 1 1 1 1 5 3 8 1 4 4 1 1 1 1 1 
1 1 1 1 1 1 5 3 8 1 4 4 1 1 1 1 1 1 1 5 3 8 1 4 4 1 1 1 1 1 1 1 5 3 8 1 4 4 1 1 1 1 1 1 1 5 3 8 1 4 4 1 1 1 1 1 1 1 5 3 8 1 4 4 1 1 1 1 1 1 1 5 3 8 1 4 4 1 1 1 1 1 1 1 5 3 
1 1 1 1 5 3 8 1 4 4 1 1 1 1 1 1 1 5 3 8 1 4 4 1 1 1 1 1 1 1 5 3 8 1 4 4 1 1 1 1 1 1 1 5 3 8 1 4 4 1 1 1 1 1 1 1 5 3 8 1 4 4 1 1 1 1 1 1 1 5 3 8 1 4 4 1 1 1 1 1 1 1 5 3 8 1 4 
5 3 8 1 4 4 1 1 1 1 1 1 1 5 3 8 1 4 4 1 1 1 1 1 1 1 5 3 8 1 4 4 1 1 1 1 1 1 1 5 3 8 1 4 4 1 1 1 1 1 1 1 5 3 8 1 4 4 1 1 1 1 1 1 1 5 3 8 1 4 4 1 1 1 1 1 1 1 5 3 8 1 4 4 1 
4 4 1 1 1 1 1 1 1 5 3 8 1 4 4 1 1 1 1 1 1 1 5 3 8 1 4 4 1 1 1 1 1 1 1 5 3 8 1 4 4 1 1 1 1 1 1 1 5 3 8 1 4 4 1 1 1 1 1 1 1 5 3 8 1 4 4 1 1 1 1 1 1 1 5 3 8 1 4 4 1 1 
4 1 1 1 1 1 1 1 5 3 8 1 4 4 1 1 1 1 1 1 1 5 3 8 1 4 4 1 1 1 1 1 1 1 5 3 8 1 4 4 1 1 1 1 1 1 1 5 3 8 1 4 4 1 1 1 1 1 1 1 5 3 8 1 4 4 1 1 1 1 1 1 1 5 3 8 1 4 4 1 1 1 1 1 1 1 
1 1 1 1 1 1 5 3 8 1 4 4 1 1 1 1 1 1 1 5 3 8 1 4 4 1 1 1 1 1 1 1 5 3 8 1 4 4 1 1 1 1 1 1 1 5 3 8 1 4 4 1 1 1 1 1 1 1 5 3 8 1 4 4 1 1 1 1 1 1 1 5 3 8 1 4 4 1 1 1 1 1 1 1 5 3 8 
1 1 5 3 8 1 4 4 1 1 1 1 1 1 1 5 3 8 1 4 4 1 1 1 1 1 1 1 5 3 8 1 4 4 1 1 1 1 1 1 1 5 3 8 1 4 4 1 1 1 1 1 1 1 5 3 8 1 4 4 1 1 1 1 1 1 1 5 3 8 1 4 4 1 1 1 1 1 1 1 5 3 8 1 4 
8 1 4 4 1 1 1 1 1 1 1 5 3 8 1 4 4 1 1 1 1 1 1 1 5 3 8 1 4 4 1 1 1 1 1 1 1 5 3 8 1 4 4 1 1 1 1 1 1 1 5 3 8 1 4 4 1 1 1 1 1 1 1 5 3 8 1 4 4 1 1 1 1 1 1 1 5 3 8 1 4 4 1 
4 1 1 1 1 1 1 1 5 3 8 1 4 4 1 1 1 1 1 1 1 5 3 8 1 4 4 1 1 1 1 1 1 1 5 3 8 1 4 4 1 1 1 1 1 1 1 5 3 8 1 4 4 1 1 1 1 1 1 1 5 3 8 1 4 4 1 1 1 1 1 1 1 5 3 8 1 4 4 1 1 1 1 1 
1 1 1 1 1 1 5 3 8 1 4 4 1 1 1 1 1 1 1 5 3 8 1 4 4 1 1 1 1 1 1 1 5 3 8 1 4 4 1 1 1 1 1 1 1 5 3 8 1 4 4 1 1 1 1 1 1 1 5 3 8 1 4 4 1 1 1 1 1 1 1 5 3 8 1 4 4 1 1 1 1 1 1 1 5 
1 1 1 1 1 5 3 8 1 4 4 1 1 1 1 1 1 1 5 3 8 1 4 4 1 1 1 1 1 1 1 5 3 8 1 4 4 1 1 1 1 1 1 1 5 3 8 1 4 4 1 1 1 1 1 1 1 5 3 8 1 4 4 1 1 1 1 1 1 1 5 3 8 1 4 4 1 1 1 1 1 1 1 5 3 8 1 4 
5 3 8 1 4 4 1 1 1 1 1 1 1 5 3 8 1 4 4 1 1 1 1 1 1 1 5 3 8 1 4 4 1 1 1 1 1 1 1 5 3 8 1 4 4 1 1 1 1 1 1 1 5 3 8 1 4 4 1 1 1 1 1 1 1 5 3 8 1 4 4 1 1 1 1 1 1 1 5 3 8 1 4 4 
1 4 4 1 1 1 1 1 1 1 5 3 8 1 4 4 1 1 1 1 1 1 1 5 3 8 1 4 4 1 1 1 1 1 1 1 5 3 8 1 4 4 1 1 1 1 1 1 1 5 3 8 1 4 4 1 1 1 1 1 1 1 5 3 8 1 4 4 1 1 1 1 1 1 1 5 3 8 1 4 4 1 1 
4 1 1 1 1 1 1 1 5 3 8 1 4 4 1 1 1 1 1 1 1 5 3 8 1 4 4 1 1 1 1 1 1 1 5 3 8 1 4 4 1 1 1 1 1 1 1 5 3 8 1 4 4 1 1 1 1 1 1 1 5 3 8 1 4 4 1 1 1 1 1 1 1 5 3 8 1 4 4 1 1 1 1 1 1 
1 1 1 1 1 1 5 3 8 1 4 4 1 1 1 1 1 1 1 5 3 8 1 4 4 1 1 1 1 1 1 1 5 3 8 1 4 4 1 1 1 1 1 1 1 5 3 8 1 4 4 1 1 1 1 1 1 1 5 3 8 1 4 4 1 1 1 1 1 1 1 5 3 8 1 4 4 1 1 1 1 1 1 1 5 3 8 
1 1 5 3 8 1 4 4 1 1 1 1 1 1 1 5 3 8 1 4 4 1 1 1 1 1 1 1 5 3 8 1 4 4 1 1 1 1 1 1 1 5 3 8 1 4 4 1 1 1 1 1 1 1 5 3 8 1 4 4 1 1 1 1 1 1 1 5 3 8 1 4 4 1 1 1 1 1 1 1 5 3 8 1 4 
3 8 1 4 4 1 1 1 1 1 1 1 5 3 8 1 4 4 1 1 1 1 1 1 1 5 3 8 1 4 4 1 1 1 1 1 1 1 5 3 8 1 4 4 1 1 1 1 1 1 1 5 3 8 1 4 4 1 1 1 1 1 1 1 5 3 8 1 4 4 1 1 1 1 1 1 1 5 3 8 1 4 4 1 
4 1 1 1 1 1 1 1 5 3 8 1 4 4 1 1 1 1 1 1 1 5 3 8 1 4 4 1 1 1 1 1 1 1 5 3 8 1 4 4 1 1 1 1 1 1 1 5 3 8 1 4 4 1 1 1 1 1 1 1 5 3 8 1 4 4 1 1 1 1 1 1 1 5 3 8 1 4 4 1 1 1 1 
1 1 1 1 1 1 1 5 3 8 1 4 4 1 1 1 1 1 1 1 5 3 8 1 4 4 1 1 1 1 1 1 1 5 3 8 1 4 4 1 1 1 1 1 1 1 5 3 8 1 4 4 1 1 1 1 1 1 1 5 3 8 1 4 4 1 1 1 1 1 1 1 5 3 8 1 4 4 1 1 1 1 1 1 1 5 
1 1 1 1 1 5 3 8 1 4 4 1 1 1 1 1 1 1 5 3 8 1 4 4 1 1 1 1 1 1 1 5 3 8 1 4 4 1 1 1 1 1 1 1 5 3 8 1 4 4 1 1 1 1 1 1 1 5 3 8 1 4 4 1 1 1 1 1 1 1 5 3 8 1 4 4 1 1 1 1 1 1 1 5 3 8 1 
1 5 3 8 1 4 4 1 1 1 1 1 1 1 5 3 8 1 4 4 1 1 1 1 1 1 1 5 3 8 1 4 4 1 1 1 1 1 1 1 5 3 8 1 4 4 1 1 1 1 1 1 1 5 3 8 1 4 4 1 1 1 1 1 1 1 5 3 8 1 4 4 1 1 1 1 1 1 1 5 3 8 1 4 4 
1 4 4 1 1 1 1 1 1 1 5 3 8 1 4 4 1 1 1 1 1 1 1 5 3 8 1 4 4 1 1 1 1 1 1 1 5 3 8 1 4 4 1 1 1 1 1 1 1 5 3 8 1 4 4 1 1 1 1 1 1 1 5 3 8 1 4 4 1 1 1 1 1 1 1 5 3 8 1 4 4 1 
4 1 1 1 1 1 1 1 5 3 8 1 4 4 1 1 1 1 1 1 1 5 3 8 1 4 4 1 1 1 1 1 1 1 5 3 8 1 4 4 1 1 1 1 1 1 1 5 3 8 1 4 4 1 1 1 1 1 1 1 5 3 8 1 4 4 1 1 1 1 1 1 1 5 3 8 1 4 4 1 1 1 1 1 1 
1 1 1 1 1 1 5 3 8 1 4 4 1 1 1 1 1 1 1 5 3 8 1 4 4 1 1 1 1 1 1 1 5 3 8 1 4 4 1 1 1 1 1 1 1 5 3 8 1 4 4 1 1 1 1 1 1 1 5 3 8 1 4 4 1 1 1 1 1 1 1 5 3 8 1 4 4 1 1 1 1 1 1 1 5 3 
1 1 1 5 3 8 1 4 4 1 1 1 1 1 1 1 5 3 8 1 4 4 1 1 1 1 1 1 1 5 3 8 1 4 4 1 1 1 1 1 1 1 5 3 8 1 4 4 1 1 1 1 1 1 1 5 3 8 1 4 4 1 1 1 1 1 1 1 5 3 8 1 4 4 1 1 1 1 1 1 1 5 3 8 1 4 
3 8 1 4 4 1 1 1 1 1 1 1 5 3 8 1 4 4 1 1 1 1 1 1 1 5 3 8 1 4 4 1 1 1 1 1 1 1 5 3 8 1 4 4 1 1 1 1 1 1 1 5 3 8 1 4 4 1 1 1 1 1 1 1 5 3 8 1 4 4 1 1 1 1 1 1 1 5 3 8 1 4 4 1 
4 4 1 1 1 1 1 1 1 5 3 8 1 4 4 1 1 1 1 1 1 1 5 3 8 1 4 4 1 1 1 1 1 1 1 5 3 8 1 4 4 1 1 1 1 1 1 1 5 3 8 1 4 4 1 1 1 1 1 1 1 5 3 8 1 4 4 1 1 1 1 1 1 1 5 3 8 1 4 4 1 1 1 
1 1 1 1 1 1 1 5 3 8 1 4 4 1 1 1 1 1 1 1 5 3 8 1 4 4 1 1 1 1 1 1 1 5 3 8 1 4 4 1 1 1 1 1 1 1 5 3 8 1 4 4 1 1 1 1 1 1 1 5 3 8 1 4 4 1 1 1 1 1 1 1 5 3 8 1 4 4 1 1 1 1 1 1 1 
1 1 1 1 1 1 5 3 8 1 4 4 1 1 1 1 1 1 1 5 3 8 1 4 4 1 1 1 1 1 1 1 5 3 8 1 4 4 1 1 1 1 1 1 1 5 3 8 1 4 4 1 1 1 1 1 1 1 5 3 8 1 4 4 1 1 1 1 1 1 1 5 3 8 1 4 4 1 1 1 1 1 1 1 5 3 8 1 
1 5 3 8 1 4 4 1 1 1 1 1 1 1 5 3 8 1 4 4 1 1 1 1 1 1 1 5 3 8 1 4 4 1 1 1 1 1 1 1 5 3 8 1 4 4 1 1 1 1 1 1 1 5 3 8 1 4 4 1 1 1 1 1 1 1 5 3 8 1 4 4 1 1 1 1 1 1 1 5 3 8 1 4 
8 1 4 4 1 1 1 1 1 1 1 5 3 8 1 4 4 1 1 1 1 1 1 1 5 3 8 1 4 4 1 1 1 1 1 1 1 5 3 8 1 4 4 1 1 1 1 1 1 1 5 3 8 1 4 4 1 1 1 1 1 1 1 5 3 8 1 4 4 1 1 1 1 1 1 1 5 3 8 1 4 4 1 
4 1 1 1 1 1 1 1 5 3 8 1 4 4 1 1 1 1 1 1 1 5 3 8 1 4 4 1 1 1 1 1 1 1 5 3 8 1 4 4 1 1 1 1 1 1 1 5 3 8 1 4 4 1 1 1 1 1 1 1 5 3 8 1 4 4 1 1 1 1 1 1 1 5 3 8 1 4 4 1 1 1 1 1 
1 1 1 1 1 1 5 3 8 1 4 4 1 1 1 1 1 1 1 5 3 8 1 4 4 1 1 1 1 1 1 1 5 3 8 1 4 4 1 1 1 1 1 1 1 5 3 8 1 4 4 1 1 1 1 1 1 1 5 3 8 1 4 4 1 1 1 1 1 1 1 5 3 8 1 4 4 1 1 1 1 1 1 1 5 3 
1 1 1 1 5 3 8 1 4 4 1 1 1 1 1 1 1 5 3 8 1 4 4 1 1 1 1 1 1 1 5 3 8 1 4 4 1 1 1 1 1 1 1 5 3 8 1 4 4 1 1 1 1 1 1 1 5 3 8 1 4 4 1 1 1 1 1 1 1 5 3 8 1 4 4 1 1 1 1 1 1 1 5 3 8 1 4 
5 3 8 1 4 4 1 1 1 1 1 1 1 5 3 8 1 4 4 1 1 1 1 1 1 1 5 3 8 1 4 4 1 1 1 1 1 1 1 5 3 8 1 4 4 1 1 1 1 1 1 1 5 3 8 1 4 4 1 1 1 1 1 1 1 5 3 8 1 4 4 1 1 1 1 1 1 1 5 3 8 1 4 4 1 
4 4 1 1 1 1 1 1 1 5 3 8 1 4 4 1 1 1 1 1 1 1 5 3 8 1 4 4 1 1 1 1 1 1 1 5 3 8 1 4 4 1 1 1 1 1 1 1 5 3 8 1 4 4 1 1 1 1 1 1 1 5 3 8 1 4 4 1 1 1 1 1 1 1 5 3 8 1 4 4 1 1 
4 1 1 1 1 1 1 1 5 3 8 1 4 4 1 1 1 1 1 1 1 5 3 8 1 4 4 1 1 1 1 1 1 1 5 3 8 1 4 4 1 1 1 1 1 1 1 5 3 8 1 4 4 1 1 1 1 1 1 1 5 3 8 1 4 4 1 1 1 1 1 1 1 5 3 8 1 4 4 1 1 1 1 1 1 1 
1 1 1 1 1 1 5 3 8 1 4 4 1 1 1 1 1 1 1 5 3 8 1 4 4 1 1 1 1 1 1 1 5 3 8 1 4 4 1 1 1 1 1 1 1 5 3 8 1 4 4 1 1 1 1 1 1 1 5 3 8 1 4 4 1 1 1 1 1 1 1 5 3 8 1 4 4 1 1 1 1 1 1 1 5 3 8 
1 1 5 3 8 1 4 4 1 1 1 1 1 1 1 5 3 8 1 4 4 1 1 1 1 1 1 1 5 3 8 1 4 4 1 1 1 1 1 1 1 5 3 8 1 4 4 1 1 1 1 1 1 1 5 3 8 1 4 4 1 1 1 1 1 1 1 5 3 8 1 4 4 1 1 1 1 1 1 1 5 3 8 1 4 
8 1 4 4 1 1 1 1 1 1 1 5 3 8 1 4 4 1 1 1 1 1 1 1 5 3 8 1 4 4 1 1 1 1 1 1 1 5 3 8 1 4 4 1 1 1 1 1 1 1 5 3 8 1 4 4 1 1 1 1 1 1 1 5 3 8 1 4 4 1 1 1 1 1 1 1 5 3 8 1 4 4 1 
4 1 1 1 1 1 1 1 5 3 8 1 4 4 1 1 1 1 1 1 1 5 3 8 1 4 4 1 1 1 1 1 1 1 5 3 8 1 4 4 1 1 1 1 1 1 1 5 3 8 1 4 4 1 1 1 1 1 1 1 5 3 8 1 4 4 1 1 1 1 1 1 1 5 3 8 1 4 4 1 1 1 1 1 
1 1 1 1 1 1 5 3 8 1 4 4 1 1 1 1 1 1 1 5 3 8 1 4 4 1 1 1 1 1 1 1 5 3 8 1 4 4 1 1 1 1 1 1 1 5 3 8 1 4 4 1 1 1 1 1 1 1 5 3 8 1 4 4 1 1 1 1 1 1 1 5 3 8 1 4 4 1 1 1 1 1 1 1 5 
1 1 1 1 1 5 3 8 1 4 4 1 1 1 1 1 1 1 5 3 8 1 4 4 1 1 1 1 1 1 1 5 3 8 1 4 4 1 1 1 1 1 1 1 5 3 8 1 4 4 1 1 1 1 1 1 1 5 3 8 1 4 4 1 1 1 1 1 1 1 5 3 8 1 4 4 1 1 1 1 1 1 1 5 3 8 1 4 
5 3 8 1 4 4 1 1 1 1 1 1 1 5 3 8 1 4 4 1 1 1 1 1 1 1 5 3 8 1 4 4 1 1 1 1 1 1 1 5 3 8 1 4 4 1 1 1 1 1 1 1 5 3 8 1 4 4 1 1 1 1 1 1 1 5 3 8 1 4 4 1 1 1 1 1 1 1 5 3 8 1 4 4 
1 4 4 1 1 1 1 1 1 1 5 3 8 1 4 4 1 1 1 1 1 1 1 5 3 8 1 4 4 1 1 1 1 1 1 1 5 3 8 1 4 4 1 1 1 1 1 1 1 5 3 8 1 4 4 1 1 1 1 1 1 1 5 3 8 1 4 4 1 1 1 1 1 1 1 5 3 8 1 4 4 1 1 
4 1 1 1 1 1 1 1 5 3 8 1 4 4 1 1 1 1 1 1 1 5 3 8 1 4 4 1 1 1 1 1 1 1 5 3 8 1 4 4 1 1 1 1 1 1 1 5 3 8 1 4 4 1 1 1 1 1 1 1 5 3 8 1 4 4 1 1 1 1 1 1 1 5 3 8 1 4 4 1 1 1 1 1 1 
1 1 1 1 1 1 5 3 8 1 4 4 1 1 1 1 1 1 1 5 3 8 1 4 4 1 1 1 1 1 1 1 5 3 8 1 4 4 1 1 1 1 1 1 1 5 3 8 1 4 4 1 1 1 1 1 1 1 5 3 8 1 4 4 1 1 1 1 1 1 1 5 3 8 1 4 4 1 1 1 1 1 1 1 5 3 8 
1 1 5 3 8 1 4 4 1 1 1 1 1 1 1 5 3 8 1 4 4 1 1 1 1 1 1 1 5 3 8 1 4 4 1 1 1 1 1 1 1 5 3 8 1 4 4 1 1 1 1 1 1 1 5 3 8 1 4 4 1 1 1 1 1 1 1 5 3 8 1 4 4 1 1 1 1 1 1 1 5 3 8 1 4 
3 8 1 4 4 1 1 1 1 1 1 1 5 3 8 1 4 4 1 1 1 1 1 1 1 5 3 8 1 4 4 1 1 1 1 1 1 1 5 3 8 1 4 4 1 1 1 1 1 1 1 5 3 8 1 4 4 1 1 1 1 1 1 1 5 3 8 1 4 4 1 1 1 1 1 1 1 5 3 8 1 4 4 1 
4 1 1 1 1 1 1 1 5 3 8 1 4 4 1 1 1 1 1 1 1 5 3 8 1 4 4 1 1 1 1 1 1 1 5 3 8 1 4 4 1 1 1 1 1 1 1 5 3 8 1 4 4 1 1 1 1 1 1 1 5 3 8 1 4 4 1 1 1 1 1 1 1 5 3 8 1 4 4 1 1 1 1 
1 1 1 1 1 1 1 5 3 8 1 4 4 1 1 1 1 1 1 1 5 3 8 1 4 4 1 1 1 1 1 1 1 5 3 8 1 4 4 1 1 1 1 1 1 1 5 3 8 1 4 4 1 1 1 1 1 1 1 5 3 8 1 4 4 1 1 1 1 1 1 1 5 3 8 1 4 4 1 1 1 1 1 1 1 5 
1 1 1 1 1 5 3 8 1 4 4 1 1 1 1 1 1 1 5 3 8 1 4 4 1 1 1 1 1 1 1 5 3 8 1 4 4 1 1 1 1 1 1 1 5 3 8 1 4 4 1 1 1 1 1 1 1 5 3 8 1 4 4 1 1 1 1 1 1 1 5 3 8 1 4 4 1 1 1 1 1 1 1 5 3 8 1 
1 5 3 8 1 4 4 1 1 1 1 1 1 1 5 3 8 1 4 4 1 1 1 1 1 1 1 5 3 8 1 4 4 1 1 1 1 1 1 1 5 3 8 1 4 4 1 1 1 1 1 1 1 5 3 8 1 4 4 1 1 1 1 1 1 1 5 3 8 1 4 4 1 1 1 1 1 1 1 5 3 8 1 4 4 
1 4 4 1 1 1 1 1 1 1 5 3 8 1 4 4 1 1 1 1 1 1 1 5 3 8 1 4 4 1 1 1 1 1 1 1 5 3 8 1 4 4 1 1 1 1 1 1 1 5 3 8 1 4 4 1 1 1 1 1 1 1 5 3 8 1 4 4 1 1 1 1 1 1 1 5 3 8 1 4 4 1 
4 1 1 1 1 1 1 1 5 3 8 1 4 4 1 1 1 1 1 1 1 5 3 8 1 4 4 1 1 1 1 1 1 1 5 3 8 1 4 4 1 1 1 1 1 1 1 5 3 8 1 4 4 1 1 1 1 1 1 1 5 3 8 1 4 4 1 1 1 1 1 1 1 5 3 8 1 4 4 1 1 1 1 1 1 
1 1 1 1 1 1 5 3 8 1 4 4 1 1 1 1 1 1 1 5 3 8 1 4 4 1 1 1 1 1 1 1 5 3 8 1 4 4 1 1 1 1 1 1 1 5 3 8 1 4 4 1 1 1 1 1 1 1 5 3 8 1 4 4 1 1 1 1 1 1 1 5 3 8 1 4 4 1 1 1 1 1 1 1 5 3 
1 1 1 5 3 8 1 4 4 1 1 1 1 1 1 1 5 3 8 1 4 4 1 1 1 1 1 1 1 5 3 8 1 4 4 1 1 1 1 1 1 1 5 3 8 1 4 4 1 1 1 1 1 1 1 5 3 8 1 4 4 1 1 1 1 1 1 1 5 3 8 1 4 4 1 1 1 1 1 1 1 5 3 8 1 4 
3 8 1 4 4 1 1 1 1 1 1 1 5 3 8 1 4 4 1 1 1 1 1 1 1 5 3 8 1 4 4 1 1 1 1 1 1 1 5 3 8 1 4 4 1 1 1 1 1 1 1 5 3 8 1 4 4 1 1 1 1 1 1 1 5 3 8 1 4 4 1 1 1 1 1 1 1 5 3 8 1 4 4 1 
4 4 1 1 1 1 1 1 1 5 3 8 1 4 4 1 1 1 1 1 1 1 5 3 8 1 4 4 1 1 1 1 1 1 1 5 3 8 1 4 4 1 1 1 1 1 1 1 5 3 8 1 4 4 1 1 1 1 1 1 1 5 3 8 1 4 4 1 1 1 1 1 1 1 5 3 8 1 4 4 1 1 1 
1 1 1 1 1 1 1 5 3 8 1 4 4 1 1 1 1 1 1 1 5 3 8 1 4 4 1 1 1 1 1 1 1 5 3 8 1 4 4 1 1 1 1 1 1 1 5 3 8 1 4 4 1 1 1 1 1 1 1 5 3 8 1 4 4 1 1 1 1 1 1 1 5 3 8 1 4 4 1 1 1 1 1 1 1 
1 1 1 1 1 1 5 3 8 1 4 4 1 1 1 1 1 1 1 5 3 8 1 4 4 1 1 1 1 1 1 1 5 3 8 1 4 4 1 1 1 1 1 1 1 5 3 8 1 4 4 1 1 1 1 1 1 1 5 3 8 1 4 4 1 1 1 1 1 1 1 5 3 8 1 4 4 1 1 1 1 1 1 1 5 3 8 1 
1 5 3 8 1 4 4 1 1 1 1 1 1 1 5 3 8 1 4 4 1 1 1 1 1 1 1 5 3 8 1 4 4 1 1 1 1 1 1 1 5 3 8 1 4 4 1 1 1 1 1 1 1 5 3 8 1 4 4 1 1 1 1 1 1 1 5 3 8 1 4 4 1 1 1 1 1 1 1 5 3 8 1 4 
8 1 4 4 1 1 1 1 1 1 1 5 3 8 1 4 4 1 1 1 1 1 1 1 5 3 8 1 4 4 1 1 1 1 1 1 1 5 3 8 1 4 4 1 1 1 1 1 1 1 5 3 8 1 4 4 1 1 1 1 1 1 1 5 3 8 1 4 4 1 1 1 1 1 1 1 5 3 8 1 4 4 1 
4 1 1 1 1 1 1 1 5 3 8 1 4 4 1 1 1 1 1 1 1 5 3 8 1 4 4 1 1 1 1 1 1 1 5 3 8 1 4 4 1 1 1 1 1 1 1 5 3 8 1 4 4 1 1 1 1 1 1 1 5 3 8 1 4 4 1 1 1 1 1 1 1 5 3 8 1 4 4 1 1 1 1 1 
1 1 1 1 1 1 5 3 8 1 4 4 1 1 1 1 1 1 1 5 3 8 1 4 4 1 1 1 1 1 1 1 5 3 8 1 4 4 1 1 1 1 1 1 1 5 3 8 1 4 4 1 1 1 1 1 1 1 5 3 8 1 4 4 1 1 1 1 1 1 1 5 3 8 1 4 4 1 1 1 1 1 1 1 5 3 
1 1 1 1 5 3 8 1 4 4 1 1 1 1 1 1 1 5 3 8 1 4 4 1 1 1 1 1 1 1 5 3 8 1 4 4 1 1 1 1 1 1 1 5 3 8 1 4 4 1 1 1 1 1 1 1 5 3 8 1 4 4 1 1 1 1 1 1 1 5 3 8 1 4 4 1 1 1 1 1 1 1 5 3 8 1 4 
5 3 8 1 4 4 1 1 1 1 1 1 1 5 3 8 1 4 4 1 1 1 1 1 1 1 5 3 8 1 4 4 1 1 1 1 1 1 1 5 3 8 1 4 4 1 1 1 1 1 1 1 5 3 8 1 4 4 1 1 1 1 1 1 1 5 3 8 1 4 4 1 1 1 1 1 1 1 5 3 8 1 4 4 1 
4 4 1 1 1 1 1 1 1 5 3 8 1 4 4 1 1 1 1 1 1 1 5 3 8 1 4 4 1 1 1 1 1 1 1 5 3 8 1 4 4 1 1 1 1 1 1 1 5 3 8 1 4 4 1 1 1 1 1 1 1 5 3 8 1 4 4 1 1 1 1 1 1 1 5 3 8 1 4 4 1 1 
4 1 1 1 1 1 1 1 5 3 8 1 4 4 1 1 1 1 1 1 1 5 3 8 1 4 4 1 1 1 1 1 1 1 5 3 8 1 4 4 1 1 1 1 1 1 1 5 3 8 1 4 4 1 1 1 1 1 1 1 5 3 8 1 4 4 1 1 1 1 1 1 1 5 3 8 1 4 4 1 1 1 1 1 1 1 
1 1 1 1 1 1 5 3 8 1 4 4 1 1 1 1 1 1 1 5 3 8 1 4 4 1 1 1 1 1 1 1 5 3 8 1 4 4 1 1 1 1 1 1 1 5 3 8 1 4 4 1 1 1 1 1 1 1 5 3 8 1 4 4 1 1 1 1 1 1 1 5 3 8 1 4 4 1 1 1 1 1 1 1 5 3 8 
1 1 5 3 8 1 4 4 1 1 1 1 1 1 1 5 3 8 1 4 4 1 1 1 1 1 1 1 5 3 8 1 4 4 1 1 1 1 1 1 1 5 3 8 1 4 4 1 1 1 1 1 1 1 5 3 8 1 4 4 1 1 1 1 1 1 1 5 3 8 1 4 4 1 1 1 1 1 1 1 5 3 8 1 4 
8 1 4 4 1 1 1 1 1 1 1 5 3 8 1 4 4 1 1 1 1 1 1 1 5 3 8 1 4 4 1 1 1 1 1 1 1 5 3 8 1 4 4 1 1 1 1 1 1 1 5 3 8 1 4 4 1 1 1 1 1 1 1 5 3 8 1 4 4 1 1 1 1 1 1 1 5 3 8 1 4 4 1 
4 1 1 1 1 1 1 1 5 3 8 1 4 4 1 1 1 1 1 1 1 5 3 8 1 4 4 1 1 1 1 1 1 1 5 3 8 1 4 4 1 1 1 1 1 1 1 5 3 8 1 4 4 1 1 1 1 1 1 1 5 3 8 1 4 4 1 1 1 1 1 1 1 5 3 8 1 4 4 1 1 1 1 1 
1 1 1 1 1 1 5 3 8 1 4 4 1 1 1 1 1 1 1 5 3 8 1 4 4 1 1 1 1 1 1 1 5 3 8 1 4 4 1 1 1 1 1 1 1 5 3 8 1 4 4 1 1 1 1 1 1 1 5 3 8 1 4 4 1 1 1 1 1 1 1 5 3 8 1 4 4 1 1 1 1 1 1 1 5 
1 1 1 1 1 5 3 8 1 4 4 1 1 1 1 1 1 1 5 3 8 1 4 4 1 1 1 1 1 1 1 5 3 8 1 4 4 1 1 1 1 1 1 1 5 3 8 1 4 4 1 1 1 1 1 1 1 5 3 8 1 4 4 1 1 1 1 1 1 1 5 3 8 1 4 4 1 1 1 1 1 1 1 5 3 8 1 4 
5 3 8 1 4 4 1 1 1 1 1 1 1 5 3 8 1 4 4 1 1 1 1 1 1 1 5 3 8 1 4 4 1 1 1 1 1 1 1 5 3 8 1 4 4 1 1 1 1 1 1 1 5 3 8 1 4 4 1 1 1 1 1 1 1 5 3 8 1 4 4 1 1 1 1 1 1 1 5 3 8 1 4 4 
1 4 4 1 1 1 1 1 1 1 5 3 8 1 4 4 1 1 1 1 1 1 1 5 3 8 1 4 4 1 1 1 1 1 1 1 5 3 8 1 4 4 1 1 1 1 1 1 1 5 3 8 1 4 4 1 1 1 1 1 1 1 5 3 8 1 4 4 1 1 1 1 1 1 1 5 3 8 1 4 4 1 1 
4 1 1 1 1 1 1 1 5 3 8 1 4 4 1 1 1 1 1 1 1 5 3 8 1 4 4 1 1 1 1 1 1 1 5 3 8 1 4 4 1 1 1 1 1 1 1 5 3 8 1 4 4 1 1 1 1 1 1 1 5 3 8 1 4 4 1 1 1 1 1 1 1 5 3 8 1 4 4 1 1 1 1 1 1 
1 1 1 1 1 1 5 3 8 1 4 4 1 1 1 1 1 1 1 5 3 8 1 4 4 1 1 1 1 1 1 1 5 3 8 1 4 4 1 1 1 1 1 1 1 5 3 8 1 4 4 1 1 1 1 1 1 1 5 3 8 1 4 4 1 1 1 1 1 1 1 5 3 8 1 4 4 1 1 1 1 1 1 1 5 3 8 
1 1 5 3 8 1 4 4 1 1 1 1 1 1 1 5 3 8 1 4 4 1 1 1 1 1 1 1 5 3 8 1 4 4 1 1 1 1 1 1 1 5 3 8 1 4 4 1 1 1 1 1 1 1 5 3 8 1 4 4 1 1 1 1 1 1 1 5 3 8 1 4 4 1 1 1 1 1 1 1 5 3 8 1 4 
3 8 1 4 4 1 1 1 1 1 1 1 5 3 8 1 4 4 1 1 1 1 1 1 1 5 3 8 1 4 4 1 1 1 1 1 1 1 5 3 8 1 4 4 1 1 1 1 1 1 1 5 3 8 1 4 4 1 1 1 1 1 1 1 5 3 8 1 4 4 1 1 1 1 1 1 1 5 3 8 1 4 4 1 
4 1 1 1 1 1 1 1 5 3 8 1 4 4 1 1 1 1 1 1 1 5 3 8 1 4 4 1 1 1 1 1 1 1 5 3 8 1 4 4 1 1 1 1 1 1 1 5 3 8 1 4 4 1 1 1 1 1 1 1 5 3 8 1 4 4 1 1 1 1 1 1 1 5 3 8 1 4 4 1 1 1 1 
1 1 1 1 1 1 1 5 3 8 1 4 4 1 1 1 1 1 1 1 5 3 8 1 4 4 1 1 1 1 1 1 1 5 3 8 1 4 4 1 1 1 1 1 1 1 5 3 8 1 4 4 1 1 1 1 1 1 1 5 3 8 1 4 4 1 1 1 1 1 1 1 5 3 8 1 4 4 1 1 1 1 1 1 1 5 
1 1 1 1 1 5 3 8 1 4 4 1 1 1 1 1 1 1 5 3 8 1 4 4 1 1 1 1 1 1 1 5 3 8 1 4 4 1 1 1 1 1 1 1 5 3 8 1 4 4 1 1 1 1 1 1 1 5 3 8 1 4 4 1 1 1 1 1 1 1 5 3 8 1 4 4 1 1 1 1 1 1 1 5 3 8 1 
1 5 3 8 1 4 4 1 1 1 1 1 1 1 5 3 8 1 4 4 1 1 1 1 1 1 1 5 3 8 1 4 4 1 1 1 1 1 1 1 5 3 8 1 4 4 1 1 1 1 1 1 1 5 3 8 1 4 4 1 1 1 1 1 1 1 5 3 8 1 4 4 1 1 1 1 1 1 1 5 3 8 1 4 4 
1 4 4 1 1 1 1 1 1 1 5 3 8 1 4 4 1 1 1 1 1 1 1 5 3 8 1 4 4 1 1 1 1 1 1 1 5 3 8 1 4 4 1 1 1 1 1 1 1 5 3 8 1 4 4 1 1 1 1 1 1 1 5 3 8 1 4 4 1 1 1 1 1 1 1 5 3 8 1 4 4 1 
4 1 1 1 1 1 1 1 5 3 8 1 4 4 1 1 1 1 1 1 1 5 3 8 1 4 4 1 1 1 1 1 1 1 5 3 8 1 4 4 1 1 1 1 1 1 1 5 3 8 1 4 4 1 1 1 1 1 1 1 5 3 8 1 4 4 1 1 1 1 1 1 1 5 3 8 1 4 4 1 1 1 1 1 1 
1 1 1 1 1 1 5 3 8 1 4 4 1 1 1 1 1 1 1 5 3 8 1 4 4 1 1 1 1 1 1 1 5 3 8 1 4 4 1 1 1 1 1 1 1 5 3 8 1 4 4 1 1 1 1 1 1 1 5 3 8 1 4 4 1 1 1 1 1 1 1 5 3 8 1 4 4 1 1 1 1 1 1 1 5 3 
1 1 1 5 3 8 1 4 4 1 1 1 1 1 1 1 5 3 8 1 4 4 1 1 1 1 1 1 1 5 3 8 1 4 4 1 1 1 1 1 1 1 5 3 8 1 4 4 1 1 1 1 1 1 1 5 3 8 1 4 4 1 1 1 1 1 1 1 5 3 8 1 4 4 1 1 1 1 1 1 1 5 3 8 1 4 
3 8 1 4 4 1 1 1 1 1 1 1 5 3 8 1 4 4 1 1 1 1 1 1 1 5 3 8 1 4 4 1 1 1 1 1 1 1 5 3 8 1 4 4 1 1 1 1 1 1 1 5 3 8 1 4 4 1 1 1 1 1 1 1 5 3 8 1 4 4 1 1 1 1 1 1 1 5 3 8 1 4 4 1 
4 4 1 1 1 1 1 1 1 5 3 8 1 4 4 1 1 1 1 1 1 1 5 3 8 1 4 4 1 1 1 1 1 1 1 5 3 8 1 4 4 1 1 1 1 1 1 1 5 3 8 1 4 4 1 1 1 1 1 1 1 5 3 8 1 4 4 1 1 1 1 1 1 1 5 3 8 1 4 4 1 1 1 
1 1 1 1 1 1 1 5 3 8 1 4 4 1 1 1 1 1 1 1 5 3 8 1 4 4 1 1 1 1 1 1 1 5 3 8 1 4 4 1 1 1 1 1 1 1 5 3 8 1 4 4 1 1 1 1 1 1 1 5 3 8 1 4 4 1 1 1 1 1 1 1 5 3 8 1 4 4 1 1 1 1 1 1 1 
1 1 1 1 1 1 5 3 8 1 4 4 1 1 1 1 1 1 1 5 3 8 1 4 4 1 1 1 1 1 1 1 5 3 8 1 4 4 1 1 1 1 1 1 1 5 3 8 1 4 4 1 1 1 1 1 1 1 5 3 8 1 4 4 1 1 1 1 1 1 1 5 3 8 1 4 4 1 1 1 1 1 1 1 5 3 8 1 
1 5 3 8 1 4 4 1 1 1 1 1 1 1 5 3 8 1 4 4 1 1 1 1 1 1 1 5 3 8 1 4 4 1 1 1 1 1 1 1 5 3 8 1 4 4 1 1 1 1 1 1 1 5 3 8 1 4 4 1 1 1 1 1 1 1 5 3 8 1 4 4 1 1 1 1 1 1 1 5 3 8 1 4 
8 1 4 4 1 1 1 1 1 1 1 5 3 8 1 4 4 1 1 1 1 1 1 1 5 3 8 1 4 4 1 1 1 1 1 1 1 5 3 8 1 4 4 1 1 1 1 1 1 1 5 3 8 1 4 4 1 1 1 1 1 1 1 5 3 8 1 4 4 1 1 1 1 1 1 1 5 3 8 1 4 4 1 
4 1 1 1 1 1 1 1 5 3 8 1 4 4 1 1 1 1 1 1 1 5 3 8 1 4 4 1 1 1 1 1 1 1 5 3 8 1 4 4 1 1 1 1 1 1 1 5 3 8 1 4 4 1 1 1 1 1 1 1 5 3 8 1 4 4 1 1 1 1 1 1 1 5 3 8 1 4 4 1 1 1 1 1 
1 1 1 1 1 1 5 3 8 1 4 4 1 1 1 1 1 1 1 5 3 8 1 4 4 1 1 1 1 1 1 1 5 3 8 1 4 4 1 1 1 1 1 1 1 5 3 8 1 4 4 1 1 1 1 1 1 1 5 3 8 1 4 4 1 1 1 1 1 1 1 5 3 8 1 4 4 1 1 1 1 1 1 1 5 3 
1 1 1 1 5 3 8 1 4 4 1 1 1 1 1 1 1 5 3 8 1 4 4 1 1 1 1 1 1 1 5 3 8 1 4 4 1 1 1 1 1 1 1 5 3 8 1 4 4 1 1 1 1 1 1 1 5 3 8 1 4 4 1 1 1 1 1 1 1 5 3 8 1 4 4 1 1 1 1 1 1 1 5 3 8 1 4 
5 3 8 1 4 4 1 1 1 1 1 1 1 5 3 8 1 4 4 1 1 1 1 1 1 1 5 3 8 1 4 4 1 1 1 1 1 1 1 5 3 8 1 4 4 1 1 1 1 1 1 1 5 3 8 1 4 4 1 1 1 1 1 1 1 5 3 8 1 4 4 1 1 1 1 1 1 1 5 3 8 1 4 4 1 
4 4 1 1 1 1 1 1 1 5 3 8 1 4 4 1 1 1 1 1 1 1 5 3 8 1 4 4 1 1 1 1 1 1 1 5 3 8 1 4 4 1 1 1 1 1 1 1 5 3 8 1 4 4 1 1 1 1 1 1 1 5 3 8 1 4 4 1 1 1 1 1 1 1 5 3 8 1 4 4 1 1 
4 1 1 1 1 1 1 1 5 3 8 1 4 4 1 1 1 1 1 1 1 5 3 8 1 4 4 1 1 1 1 1 1 1 5 3 8 1 4 4 1 1 1 1 1 1 1 5 3 8 1 4 4 1 1 1 1 1 1 1 5 3 8 1 4 4 1 1 1 1 1 1 1 5 3 8 1 4 4 1 1 1 1 1 1 1 
1 1 1 1 1 1 5 3 8 1 4 4 1 1 1 1 1 1 1 5 3 8 1 4 4 1 1 1 1 1 1 1 5 3 8 1 4 4 1 1 1 1 1 1 1 5 3 8 1 4 4 1 1 1 1 1 1 1 5 3 8 1 4 4 1 1 1 1 1 1 1 5 3 8 1 4 4 1 1 1 1 1 1 1 5 3 8 
1 1 5 3 8 1 4 4 1 1 1 1 1 1 1 5 3 8 1 4 4 1 1 1 1 1 1 1 5 3 8 1 4 4 1 1 1 1 1 1 1 5 3 8 1 4 4 1 1 1 1 1 1 1 5 3 8 1 4 4 1 1 1 1 1 1 1 5 3 8 1 4 4 1 1 1 1 1 1 1 5 3 8 1 4 
8 1 4 4 1 1 1 1 1 1 1 5 3 8 1 4 4 1 1 1 1 1 1 1 5 3 8 1 4 4 1 1 1 1 1 1 1 5 3 8 1 4 4 1 1 1 1 1 1 1 5 3 8 1 4 4 1 1 1 1 1 1 1 5 3 8 1 4 4 1 1 1 1 1 1 1 5 3 8 1 4 4 1 
4 1 1 1 1 1 1 1 5 3 8 1 4 4 1 1 1 1 1 1 1 5 3 8 1 4 4 1 1 1 1 1 1 1 5 3 8 1 4 4 1 1 1 1 1 1 1 5 3 8 1 4 4 1 1 1 1 1 1 1 5 3 8 1 4 4 1 1 1 1 1 1 1 5 3 8 1 4 4 1 1 1 1 1 
1 1 1 1 1 1 5 3 8 1 4 4 1 1 1 1 1 1 1 5 3 8 1 4 4 1 1 1 1 1 1 1 5 3 8 1 4 4 1 1 1 1 1 1 1 5 3 8 1 4 4 1 1 1 1 1 1 1 5 3 8 1 4 4 1 1 1 1 1 1 1 5 3 8 1 4 4 1 1 1 1 1 1 1 5 
1 1 1 1 1 5 3 8 1 4 4 1 1 1 1 1 1 1 5 3 8 1 4 4 1 1 1 1 1 1 1 5 3 8 1 4 4 1 1 1 1 1 1 1 5 3 8 1 4 4 1 1 1 1 1 1 1 5 3 8 1 4 4 1 1 1 1 1 1 1 5 3 8 1 4 4 1 1 1 1 1 1 1 5 3 8 1 4 
5 3 8 1 4 4 1 1 1 1 1 1 1 5 3 8 1 4 4 1 1 1 1 1 1 1 5 3 8 1 4 4 1 1 1 1 1 1 1 5 3 8 1 4 4 1 1 1 1 1 1 1 5 3 8 1 4 4 1 1 1 1 1 1 1 5 3 8 1 4 4 1 1 1 1 1 1 1 5 3 8 1 4 4 
1 4 4 1 1 1 1 1 1 1 5 3 8 1 4 4 1 1 1 1 1 1 1 5 3 8 1 4 4 1 1 1 1 1 1 1 5 3 8 1 4 4 1 1 1 1 1 1 1 5 3 8 1 4 4 1 1 1 1 1 1 1 5 3 8 1 4 4 1 1 1 1 1 1 1 5 3 8 1 4 4 1 1 
4 1 1 1 1 1 1 1 5 3 8 1 4 4 1 1 1 1 1 1 1 5 3 8 1 4 4 1 1 1 1 1 1 1 5 3 8 1 4 4 1 1 1 1 1 1 1 5 3 8 1 4 4 1 1 1 1 1 1 1 5 3 8 1 4 4 1 1 1 1 1 1 1 5 3 8 1 4 4 1 1 1 1 1 1 
1 1 1 1 1 1 5 3 8 1 4 4 1 1 1 1 1 1 1 5 3 8 1 4 4 1 1 1 1 1 1 1 5 3 8 1 4 4 1 1 1 1 1 1 1 5 3 8 1 4 4 1 1 1 1 1 1 1 5 3 8 1 4 4 1 1 1 1 1 1 1 5 3 8 1 4 4 1 1 1 1 1 1 1 5 3 8 
1 1 5 3 8 1 4 4 1 1 1 1 1 1 1 5 3 8 1 4 4 1 1 1 1 1 1 1 5 3 8 1 4 4 1 1 1 1 1 1 1 5 3 8 1 4 4 1 1 1 1 1 1 1 5 3 8 1 4 4 1 1 1 1 1 1 1 5 3 8 1 4 4 1 1 1 1 1 1 1 5 3 8 1 4 
3 8 1 4 4 1 1 1 1 1 1 1 5 3 8 1 4 4 1 1 1 1 1 1 1 5 3 8 1 4 4 1 1 1 1 1 1 1 5 3 8 1 4 4 1 1 1 1 1 1 1 5 3 8 1 4 4 1 1 1 1 1 1 1 5 3 8 1 4 4 1 1 1 1 1 1 1 5 3 8 1 4 4 1 
4 1 1 1 1 1 1 1 5 3 8 1 4 4 1 1 1 1 1 1 1 5 3 8 1 4 4 1 1 1 1 1 1 1 5 3 8 1 4 4 1 1 1 1 1 1 1 5 3 8 1 4 4 1 1 1 1 1 1 1 5 3 8 1 4 4 1 1 1 1 1 1 1 5 3 8 1 4 4 1 1 1 1 
1 1 1 1 1 1 1 5 3 8 1 4 4 1 1 1 1 1 1 1 5 3 8 1 4 4 1 1 1 1 1 1 1 5 3 8 1 4 4 1 1 1 1 1 1 1 5 3 8 1 4 4 1 1 1 1 1 1 1 5 3 8 1 4 4 1 1 1 1 1 1 1 5 3 8 1 4 4 1 1 1 1 1 1 1 5 
1 1 1 1 1 5 3 8 1 4 4 1 1 1 1 1 1 1 5 3 8 1 4 4 1 1 1 1 1 1 1 5 3 8 1 4 4 1 1 1 1 1 1 1 5 3 8 1 4 4 1 1 1 1 1 1 1 5 3 8 1 4 4 1 1 1 1 1 1 1 5 3 8 1 4 4 1 1 1 1 1 1 1 5 3 8 1 
1 5 3 8 1 4 4 1 1 1 1 1 1 1 5 3 8 1 4 4 1 1 1 1 1 1 1 5 3 8 1 4 4 1 1 1 1 1 1 1 5 3 8 1 4 4 1 1 1 1 1 1 1 5 3 8 1 4 4 1 1 1 1 1 1 1 5 3 8 1 4 4 1 1 1 1 1 1 1 5 3 8 1 4 4 
1 4 4 1 1 1 1 1 1 1 5 3 8 1 4 4 1 1 1 1 1 1 1 5 3 8 1 4 4 1 1 1 1 1 1 1 5 3 8 1 4 4 1 1 1 1 1 1 1 5 3 8 1 4 4 1 1 1 1 1 1 1 5 3 8 1 4 4 1 1 1 1 1 1 1 5 3 8 1 4 4 1 
4 1 1 1 1 1 1 1 5 3 8 1 4 4 1 1 1 1 1 1 1 5 3 8 1 4 4 1 1 1 1 1 1 1 5 3 8 1 4 4 1 1 1 1 1 1 1 5 3 8 1 4 4 1 1 1 1 1 1 1 5 3 8 1 4 4 1 1 1 1 1 1 1 5 3 8 1 4 4 1 1 1 1 1 1 
1 1 1 1 1 1 5 3 8 1 4 4 1 1 1 1 1 1 1 5 3 8 1 4 4 1 1 1 1 1 1 1 5 3 8 1 4 4 1 1 1 1 1 1 1 5 3 8 1 4 4 1 1 1 1 1 1 1 5 3 8 1 4 4 1 1 1 1 1 1 1 5 3 8 1 4 4 1 1 1 1 1 1 1 5 3 
1 1 1 5 3 8 1 4 4 1 1 1 1 1 1 1 5 3 8 1 4 4 1 1 1 1 1 1 1 5 3 8 1 4 4 1 1 1 1 1 1 1 5 3 8 1 4 4 1 1 1 1 1 1 1 5 3 8 1 4 4 1 1 1 1 1 1 1 5 3 8 1 4 4 1 1 1 1 1 1 1 5 3 8 1 4 
3 8 1 4 4 1 1 1 1 1 1 1 5 3 8 1 4 4 1 1 1 1 1 1 1 5 3 8 1 4 4 1 1 1 1 1 1 1 5 3 8 1 4 4 1 1 1 1 1 1 1 5 3 8 1 4 4 1 1 1 1 1 1 1 5 3 8 1 4 4 1 1 1 1 1 1 1 5 3 8 1 4 4 1 
4 4 1 1 1 1 1 1 1 5 3 8 1 4 4 1 1 1 1 1 1 1 5 3 8 1 4 4 1 1 1 1 1 1 1 5 3 8 1 4 4 1 1 1 1 1 1 1 5 3 8 1 4 4 1 1 1 1 1 1 1 5 3 8 1 4 4 1 1 1 1 1 1 1 5 3 8 1 4 4 1 1 1 
1 1 1 1 1 1 1 5 3 8 1 4 4 1 1 1 1 1 1 1 5 3 8 1 4 4 1 1 1 1 1 1 1 5 3 8 1 4 4 1 1 1 1 1 1 1 5 3 8 1 4 4 1 1 1 1 1 1 1 5 3 8 1 4 4 1 1 1 1 1 1 1 5 3 8 1 4 4 1 1 1 1 1 1 1 
1 1 1 1 1 1 5 3 8 1 4 4 1 1 1 1 1 1 1 5 3 8 1 4 4 1 1 1 1 1 1 1 5 3 8 1 4 4 1 1 1 1 1 1 1 5 3 8 1 4 4 1 1 1 1 1 1 1 5 3 8 1 4 4 1 1 1 1 1 1 1 5 3 8 1 4 4 1 1 1 1 1 1 1 5 3 8 1 
1 5 3 8 1 4 4 1 1 1 1 1 1 1 5 3 8 1 4 4 1 1 1 1 1 1 1 5 3 8 1 4 4 1 1 1 1 1 1 1 5 3 8 1 4 4 1 1 1 1 1 1 1 5 3 8 1 4 4 1 1 1 1 1 1 1 5 3 8 1 4 4 1 1 1 1 1 1 1 5 3 8 1 4 
8 1 4 4 1 1 1 1 1 1 1 5 3 8 1 4 4 1 1 1 1 1 1 1 5 3 8 1 4 4 1 1 1 1 1 1 1 5 3 8 1 4 4 1 1 1 1 1 1 1 5 3 8 1 4 4 1 1 1 1 1 1 1 5 3 8 1 4 4 1 1 1 1 1 1 1 5 3 8 1 4 4 1 
4 1 1 1 1 1 1 1 5 3 8 1 4 4 1 1 1 1 1 1 1 5 3 8 1 4 4 1 1 1 1 1 1 1 5 3 8 1 4 4 1 1 1 1 1 1 1 5 3 8 1 4 4 1 1 1 1 1 1 1 5 3 8 1 4 4 1 1 1 1 1 1 1 5 3 8 1 4 4 1 1 1 1 1 
1 1 1 1 1 1 5 3 8 1 4 4 1 1 1 1 1 1 1 5 3 8 1 4 4 1 1 1 1 1 1 1 5 3 8 1 4 4 1 1 1 1 1 1 1 5 3 8 1 4 4 1 1 1 1 1 1 1 5 3 8 1 4 4 1 1 1 1 1 1 1 5 3 8 1 4 4 1 1 1 1 1 1 1 5 3 
1 1 1 1 5 3 8 1 4 4 1 1 1 1 1 1 1 5 3 8 1 4 4 1 1 1 1 1 1 1 5 3 8 1 4 4 1 1 1 1 1 1 1 5 3 8 1 4 4 1 1 1 1 1 1 1 5 3 8 1 4 4 1 1 1 1 1 1 1 5 3 8 1 4 4 1 1 1 1 1 1 1 5 3 8 1 4 
5 3 8 1 4 4 1 1 1 1 1 1 1 5 3 8 1 4 4 1 1 1 1 1 1 1 5 3 8 1 4 4 1 1 1 1 1 1 1 5 3 8 1 4 4 1 1 1 1 1 1 1 5 3 8 1 4 4 1 1 1 1 1 1 1 5 3 8 1 4 4 1 1 1 1 1 1 1 5 3 8 1 4 4 1 
4 4 1 1 1 1 1 1 1 5 3 8 1 4 4 1 1 1 1 1 1 1 5 3 8 1 4 4 1 1 1 1 1 1 1 5 3 8 1 4 4 1 1 1 1 1 1 1 5 3 8 1 4 4 1 1 1 1 1 1 1 5 3 8 1 4 4 1 1 1 1 1 1 1 5 3 8 1 4 4 1 1 
