4 5 12 3 9 5 12 12 3 9 17 5 3 2 9 4 1 4 5 5 7 12 19 31 35 23 19 22 4 10 29 1 4 3 4 5 9 4 5 5 21 3 8 3 12 10 9 17 5 3 2 5 4 9 4 1 11 1 5 14 5 12 24 17 4 3 17 17 4 3 7 4 16 24 0 7 17 19 7 12 19 3 4 12 11 4 7 2 21 22 5 5 0 12 16 16 17 17 12 5 4 16 19 3 8 17 4 11 12 12 5 4 26 24 12 7 9 32 5 3 4 31 7 9 4 5 19 12 
4 5 12 3 9 5 12 12 3 9 17 5 3 2 9 4 1 4 5 5 7 12 19 31 35 23 19 22 4 10 29 1 4 3 4 5 9 4 5 5 21 3 8 3 12 10 9 17 5 3 2 5 4 9 4 1 11 1 5 14 5 12 24 17 4 3 17 17 4 3 7 4 16 24 0 7 17 19 7 12 19 3 4 12 11 4 7 2 21 22 5 5 0 12 16 16 17 17 12 5 4 16 19 3 8 17 4 11 12 12 5 4 26 24 12 7 9 32 5 3 4 31 7 9 4 5 19 12 7 5 4 
4 5 12 3 9 5 12 12 3 9 17 5 3 2 9 4 1 4 5 5 7 12 19 31 35 23 19 22 4 10 29 1 4 3 4 5 9 4 5 5 21 3 8 3 12 10 9 17 5 3 2 5 4 9 4 1 11 1 5 14 5 12 24 17 4 3 17 17 4 3 7 4 16 24 0 7 17 19 7 12 19 3 4 12 11 4 7 2 21 22 5 5 0 12 16 16 17 17 12 5 4 16 19 3 8 17 4 11 12 12 5 4 26 24 12 7 9 32 5 3 4 31 7 9 4 5 19 12 7 5 4 4 12 8 16 12 29 5 7 
12 3 9 5 12 3 9 17 5 3 2 9 4 1 4 5 5 7 12 19 31 35 23 19 22 4 10 29 1 4 3 4 5 9 4 5 5 21 3 8 3 12 10 9 17 5 3 2 5 4 9 4 1 11 1 5 14 5 12 24 17 4 3 17 17 4 3 7 4 16 24 0 7 17 19 7 12 19 3 4 12 11 4 7 2 21 22 5 5 0 12 16 16 17 17 12 5 4 16 19 3 8 17 4 11 12 12 5 4 26 24 12 7 9 32 5 3 4 31 7 9 4 5 19 12 7 5 4 4 12 8 16 12 29 5 7 
3 9 5 12 3 9 17 5 3 2 9 4 1 4 5 5 7 12 19 31 35 23 19 22 4 10 29 1 4 3 4 5 9 4 5 5 21 3 8 3 12 10 9 17 5 3 2 5 4 9 4 1 11 1 5 14 5 12 24 17 4 3 17 17 4 3 7 4 16 24 0 7 17 19 7 12 19 3 4 12 11 4 7 2 21 22 5 5 0 12 16 16 17 17 12 5 4 16 19 3 8 17 4 11 12 12 5 4 26 24 12 7 9 32 5 3 4 31 7 9 4 5 19 12 7 5 4 4 12 8 16 12 29 5 7 5 7 3 
3 17 5 3 2 9 4 1 4 5 5 7 12 19 31 35 23 19 22 4 10 3 4 5 9 4 5 5 21 3 8 3 12 10 9 17 5 3 2 5 4 9 4 1 11 1 5 14 5 12 24 17 4 3 17 17 4 3 7 4 16 24 0 7 17 19 7 12 19 3 4 12 11 4 7 2 21 22 5 5 0 12 16 16 17 17 12 5 4 16 19 3 8 17 4 11 12 12 5 4 26 24 12 7 9 32 5 3 4 31 7 9 4 5 19 12 7 5 4 4 12 8 16 12 29 5 7 5 7 3 16 12 5 17 12 
1 4 5 5 12 19 31 35 23 19 22 4 10 3 4 5 9 4 5 5 21 3 8 3 12 10 9 17 5 3 2 5 4 9 4 1 11 1 5 14 5 12 24 17 4 3 17 17 4 3 7 4 16 24 0 7 17 19 7 12 19 3 4 12 11 4 7 2 21 22 5 5 0 12 16 16 17 17 12 5 4 16 19 3 8 17 4 11 12 12 5 4 26 24 12 7 9 32 5 3 4 31 7 9 4 5 19 12 7 5 4 4 12 8 16 12 29 5 7 5 7 3 16 12 5 17 12 24 4 
5 12 19 31 35 23 19 22 4 10 3 4 5 9 4 5 5 21 3 8 3 12 10 9 17 5 3 2 5 4 9 4 1 11 1 5 14 5 12 24 17 4 3 17 17 4 3 7 4 16 24 0 7 17 19 7 12 19 3 4 12 11 4 7 2 21 22 5 5 0 12 16 16 17 17 12 5 4 16 19 3 8 17 4 11 12 12 5 4 26 24 12 7 9 32 5 3 4 31 7 9 4 5 19 12 7 5 4 4 12 8 16 12 29 5 7 5 7 3 16 12 5 17 12 24 4 3 7 3 
23 19 22 4 10 3 4 5 9 4 5 5 21 8 3 12 10 9 17 5 3 2 5 4 9 4 1 11 1 5 14 5 12 24 17 4 3 17 17 4 3 7 4 16 24 0 7 17 19 7 12 19 3 4 12 11 4 7 2 21 22 5 5 0 12 16 16 17 17 12 5 4 16 19 3 8 17 4 11 12 12 5 4 26 24 12 7 9 32 5 3 4 31 7 9 4 5 19 12 7 5 4 4 12 8 16 12 29 5 7 5 7 3 16 12 5 17 12 24 4 3 7 3 9 12 22 2 
9 4 5 5 12 10 9 17 5 3 2 5 4 9 4 1 11 1 5 14 5 12 17 4 3 17 17 4 3 7 4 16 24 0 7 17 19 7 12 19 3 4 12 11 4 7 2 21 22 5 5 0 12 16 16 17 17 12 5 4 16 19 3 8 17 4 11 12 12 5 4 26 24 12 7 9 32 5 3 4 31 7 9 4 5 19 12 7 5 4 4 12 8 16 12 29 5 7 5 7 3 16 12 5 17 12 24 4 3 7 3 9 12 22 2 0 3 4 
5 12 10 9 17 5 3 2 5 4 9 4 1 11 1 5 14 5 12 17 4 3 17 17 4 3 7 4 16 24 0 7 17 19 7 12 19 3 4 12 11 4 7 2 21 22 5 5 0 12 16 16 17 17 12 5 4 16 19 3 8 17 4 11 12 12 5 4 26 24 12 7 9 32 5 3 4 31 7 9 4 5 19 12 7 5 4 4 12 8 16 12 29 5 7 5 7 3 16 12 5 17 12 24 4 3 7 3 9 12 22 2 0 3 4 0 12 19 
3 2 5 4 9 4 1 14 5 12 17 4 3 17 17 4 3 7 4 16 24 0 7 17 19 7 12 19 3 4 12 11 4 7 2 21 22 5 5 0 12 16 16 17 17 12 5 4 16 19 3 8 17 4 11 12 12 5 4 26 24 12 7 9 32 5 3 4 31 7 9 4 5 19 12 7 5 4 4 12 8 16 12 29 5 7 5 7 3 16 12 5 17 12 24 4 3 7 3 9 12 22 2 0 3 4 0 12 19 0 9 4 
9 4 1 14 12 17 4 3 17 17 4 3 7 4 16 24 0 7 17 19 7 12 19 3 4 12 11 4 7 2 21 22 5 5 0 12 16 16 17 17 12 5 4 16 19 3 8 17 4 11 12 12 5 4 26 24 12 7 9 32 5 3 4 31 7 9 4 5 19 12 7 5 4 4 12 8 16 12 29 5 7 5 7 3 16 12 5 17 12 24 4 3 7 3 9 12 22 2 0 3 4 0 12 19 0 9 4 0 8 3 
12 17 4 3 17 17 4 3 7 4 16 24 0 7 17 19 7 12 19 3 4 12 11 4 7 2 21 22 5 5 0 12 16 16 17 17 12 5 4 16 19 3 8 17 4 11 12 12 5 4 26 24 12 7 9 32 5 3 4 31 7 9 4 5 19 12 7 5 4 4 12 8 16 12 29 5 7 5 7 3 16 12 5 17 12 24 4 3 7 3 9 12 22 2 0 3 4 0 12 19 0 9 4 0 8 3 7 2 
17 17 4 3 7 4 16 24 0 7 17 19 7 12 19 3 4 12 11 4 7 2 21 22 5 5 0 12 16 16 17 17 12 5 4 16 19 3 8 17 4 11 12 12 5 4 26 24 12 7 9 32 5 3 4 31 7 9 4 5 19 12 7 5 4 4 12 8 16 12 29 5 7 5 7 3 16 12 5 17 12 24 4 3 7 3 9 12 22 2 0 3 4 0 12 19 0 9 4 0 8 3 7 2 2 16 17 
7 4 24 0 7 17 19 7 12 19 3 4 12 11 4 7 2 21 22 5 5 0 12 16 16 17 17 12 5 4 16 19 3 8 17 4 11 12 12 5 4 26 24 12 7 9 32 5 3 4 31 7 9 4 5 19 12 7 5 4 4 12 8 16 12 29 5 7 5 7 3 16 12 5 17 12 24 4 3 7 3 9 12 22 2 0 3 4 0 12 19 0 9 4 0 8 3 7 2 2 16 17 19 16 3 7 
0 7 17 19 7 12 19 3 4 12 11 4 7 2 21 22 5 5 0 12 16 16 17 17 12 5 4 16 19 3 8 17 4 11 12 12 5 4 26 24 12 7 9 32 5 3 4 31 7 9 4 5 19 12 7 5 4 4 12 8 16 12 29 5 7 5 7 3 16 12 5 17 12 24 4 3 7 3 9 12 22 2 0 3 4 0 12 19 0 9 4 0 8 3 7 2 2 16 17 19 16 3 7 17 24 5 
4 12 11 4 7 2 21 22 5 5 0 12 16 16 17 17 12 5 4 16 19 3 8 17 4 11 12 12 5 4 26 24 12 7 9 32 5 3 4 31 7 9 4 5 19 12 7 5 4 4 12 8 16 12 29 5 7 5 7 3 16 12 5 17 12 24 4 3 7 3 9 12 22 2 0 3 4 0 12 19 0 9 4 0 8 3 7 2 2 16 17 19 16 3 7 17 24 5 5 5 19 12 
2 22 5 5 0 12 16 16 17 17 12 5 4 16 19 3 8 17 4 11 12 12 5 4 26 24 12 7 9 32 5 3 4 31 7 9 4 5 19 12 7 5 4 4 12 8 16 12 29 5 7 5 7 3 16 12 5 17 12 24 4 3 7 3 9 12 22 2 0 3 4 0 12 19 0 9 4 0 8 3 7 2 2 16 17 19 16 3 7 17 24 5 5 5 19 12 7 9 4 24 
5 5 0 12 16 16 17 17 12 5 4 16 19 3 8 17 4 11 12 12 5 4 26 24 12 7 9 32 5 3 4 31 7 9 4 5 19 12 7 5 4 4 12 8 16 12 29 5 7 5 7 3 16 12 5 17 12 24 4 3 7 3 9 12 22 2 0 3 4 0 12 19 0 9 4 0 8 3 7 2 2 16 17 19 16 3 7 17 24 5 5 5 19 12 7 9 4 24 
17 12 5 4 16 19 3 8 17 4 11 12 12 5 4 26 24 12 7 9 32 5 3 4 31 7 9 4 5 19 12 7 5 4 4 12 8 16 12 29 5 7 5 7 3 16 12 5 17 12 24 4 3 7 3 9 12 22 2 0 3 4 0 12 19 0 9 4 0 8 3 7 2 2 16 17 19 16 3 7 17 24 5 5 5 19 12 7 9 4 24 
19 3 8 17 4 11 12 12 5 4 26 24 12 7 9 32 5 3 4 31 7 9 4 5 19 12 7 5 4 4 12 8 16 12 29 5 7 5 7 3 16 12 5 17 12 24 4 3 7 3 9 12 22 2 0 3 4 0 12 19 0 9 4 0 8 3 7 2 2 16 17 19 16 3 7 17 24 5 5 5 19 12 7 9 4 24 22 5 4 16 7 
17 4 12 12 5 4 26 24 12 7 9 32 5 3 4 31 7 9 4 5 19 12 7 5 4 4 12 8 16 12 29 5 7 5 7 3 16 12 5 17 12 24 4 3 7 3 9 12 22 2 0 3 4 0 12 19 0 9 4 0 8 3 7 2 2 16 17 19 16 3 7 17 24 5 5 5 19 12 7 9 4 24 22 5 4 16 7 7 12 5 7 
4 26 24 12 7 9 32 5 3 4 31 7 9 4 5 19 12 7 5 4 4 12 8 16 12 29 5 7 5 7 3 16 12 5 17 12 24 4 3 7 3 9 12 22 2 0 3 4 0 12 19 0 9 4 0 8 3 7 2 2 16 17 19 16 3 7 17 24 5 5 5 19 12 7 9 4 24 22 5 4 16 7 7 12 5 7 14 7 19 12 
32 5 3 4 31 7 9 4 5 19 12 7 5 4 4 12 8 16 12 29 5 7 5 7 3 16 12 5 17 12 24 4 3 7 3 9 12 22 2 0 3 4 0 12 19 0 9 4 0 8 3 7 2 2 16 17 19 16 3 7 17 24 5 5 5 19 12 7 9 4 24 22 5 4 16 7 7 12 5 7 14 7 19 12 16 9 5 
32 5 3 4 31 7 9 4 5 19 12 7 5 4 4 12 8 16 12 29 5 7 5 7 3 16 12 5 17 12 24 4 3 7 3 9 12 22 2 0 3 4 0 12 19 0 9 4 0 8 3 7 2 2 16 17 19 16 3 7 17 24 5 5 5 19 12 7 9 4 24 22 5 4 16 7 7 12 5 7 14 7 19 12 16 9 5 2 2 3 8 
31 7 9 4 5 19 12 7 5 4 4 12 8 16 12 29 5 7 5 7 3 16 12 5 17 12 24 4 3 7 3 9 12 22 2 0 3 4 0 12 19 0 9 4 0 8 3 7 2 2 16 17 19 16 3 7 17 24 5 5 5 19 12 7 9 4 24 22 5 4 16 7 7 12 5 7 14 7 19 12 16 9 5 2 2 3 8 5 4 16 12 24 5 
5 19 12 7 5 4 4 12 8 16 12 29 5 7 5 7 3 16 12 5 17 12 24 4 3 7 3 9 12 22 2 0 3 4 0 12 19 0 9 4 0 8 3 7 2 2 16 17 19 16 3 7 17 24 5 5 5 19 12 7 9 4 24 22 5 4 16 7 7 12 5 7 14 7 19 12 16 9 5 2 2 3 8 5 4 16 12 24 5 4 3 19 
5 12 7 5 4 4 12 8 16 12 29 5 7 5 7 3 16 12 5 17 12 24 4 3 7 3 9 12 22 2 0 3 4 0 12 19 0 9 4 0 8 3 7 2 2 16 17 19 16 3 7 17 24 5 5 5 19 12 7 9 4 24 22 5 4 16 7 7 12 5 7 14 7 19 12 16 9 5 2 2 3 8 5 4 16 12 24 5 4 3 19 24 8 16 19 7 
12 7 5 4 4 12 8 16 12 29 5 7 5 7 3 16 12 5 17 12 24 4 3 7 3 9 12 22 2 0 3 4 0 12 19 0 9 4 0 8 3 7 2 2 16 17 19 16 3 7 17 24 5 5 5 19 12 7 9 4 24 22 5 4 16 7 7 12 5 7 14 7 19 12 16 9 5 2 2 3 8 5 4 16 12 24 5 4 3 19 24 8 16 19 7 24 12 16 16 
4 12 8 16 12 29 5 7 5 7 3 16 12 5 17 12 24 4 3 7 3 9 12 22 2 0 3 4 0 12 19 0 9 4 0 8 3 7 2 2 16 17 19 16 3 7 17 24 5 5 5 19 12 7 9 4 24 22 5 4 16 7 7 12 5 7 14 7 19 12 16 9 5 2 2 3 8 5 4 16 12 24 5 4 3 19 24 8 16 19 7 24 12 16 16 19 7 
4 12 8 16 29 5 7 5 7 3 16 12 5 17 12 24 4 3 7 3 9 12 22 2 0 3 4 0 12 19 0 9 4 0 8 3 7 2 2 16 17 19 16 3 7 17 24 5 5 5 19 12 7 9 4 24 22 5 4 16 7 7 12 5 7 14 7 19 12 16 9 5 2 2 3 8 5 4 16 12 24 5 4 3 19 24 8 16 19 7 24 12 16 16 19 7 7 12 12 9 12 8 12 
5 7 3 16 12 5 17 12 24 4 3 7 3 9 12 22 2 0 3 4 0 12 19 0 9 4 0 8 3 7 2 2 16 17 19 16 3 7 17 24 5 5 5 19 12 7 9 4 24 22 5 4 16 7 7 12 5 7 14 7 19 12 16 9 5 2 2 3 8 5 4 16 12 24 5 4 3 19 24 8 16 19 7 24 12 16 16 19 7 7 12 12 9 12 8 12 7 
12 5 17 12 24 4 3 7 3 9 12 22 2 0 3 4 0 12 19 0 9 4 0 8 3 7 2 2 16 17 19 16 3 7 17 24 5 5 5 19 12 7 9 4 24 22 5 4 16 7 7 12 5 7 14 7 19 12 16 9 5 2 2 3 8 5 4 16 12 24 5 4 3 19 24 8 16 19 7 24 12 16 16 19 7 7 12 12 9 12 8 12 7 2 4 5 7 7 
12 5 17 24 4 3 7 3 9 12 22 2 0 3 4 0 12 19 0 9 4 0 8 3 7 2 2 16 17 19 16 3 7 17 24 5 5 5 19 12 7 9 4 24 22 5 4 16 7 7 12 5 7 14 7 19 12 16 9 5 2 2 3 8 5 4 16 12 24 5 4 3 19 24 8 16 19 7 24 12 16 16 19 7 7 12 12 9 12 8 12 7 2 4 5 7 7 7 16 9 7 17 8 
7 3 9 12 22 2 0 3 4 0 12 19 0 9 4 0 8 3 7 2 2 16 17 19 16 3 7 17 24 5 5 5 19 12 7 9 4 24 22 5 4 16 7 7 12 5 7 14 7 19 12 16 9 5 2 2 3 8 5 4 16 12 24 5 4 3 19 24 8 16 19 7 24 12 16 16 19 7 7 12 12 9 12 8 12 7 2 4 5 7 7 7 16 9 7 17 8 3 4 
7 3 9 22 2 0 3 4 0 12 19 0 9 4 0 8 3 7 2 2 16 17 19 16 3 7 17 24 5 5 5 19 12 7 9 4 24 22 5 4 16 7 7 12 5 7 14 7 19 12 16 9 5 2 2 3 8 5 4 16 12 24 5 4 3 19 24 8 16 19 7 24 12 16 16 19 7 7 12 12 9 12 8 12 7 2 4 5 7 7 7 16 9 7 17 8 3 4 9 5 12 7 
22 2 0 3 4 0 12 19 0 9 4 0 8 3 7 2 2 16 17 19 16 3 7 17 24 5 5 5 19 12 7 9 4 24 22 5 4 16 7 7 12 5 7 14 7 19 12 16 9 5 2 2 3 8 5 4 16 12 24 5 4 3 19 24 8 16 19 7 24 12 16 16 19 7 7 12 12 9 12 8 12 7 2 4 5 7 7 7 16 9 7 17 8 3 4 9 5 12 7 5 7 19 12 4 
0 3 4 0 12 19 0 9 4 0 8 3 7 2 2 16 17 19 16 3 7 17 24 5 5 5 19 12 7 9 4 24 22 5 4 16 7 7 12 5 7 14 7 19 12 16 9 5 2 2 3 8 5 4 16 12 24 5 4 3 19 24 8 16 19 7 24 12 16 16 19 7 7 12 12 9 12 8 12 7 2 4 5 7 7 7 16 9 7 17 8 3 4 9 5 12 7 5 7 19 12 4 9 
0 19 0 9 4 0 8 3 7 2 2 16 17 19 16 3 7 17 24 5 5 5 19 12 7 9 4 24 22 5 4 16 7 7 12 5 7 14 7 19 12 16 9 5 2 2 3 8 5 4 16 12 24 5 4 3 19 24 8 16 19 7 24 12 16 16 19 7 7 12 12 9 12 8 12 7 2 4 5 7 7 7 16 9 7 17 8 3 4 9 5 12 7 5 7 19 12 4 9 15 16 8 
0 9 4 0 8 3 7 2 2 16 17 19 16 3 7 17 24 5 5 5 19 12 7 9 4 24 22 5 4 16 7 7 12 5 7 14 7 19 12 16 9 5 2 2 3 8 5 4 16 12 24 5 4 3 19 24 8 16 19 7 24 12 16 16 19 7 7 12 12 9 12 8 12 7 2 4 5 7 7 7 16 9 7 17 8 3 4 9 5 12 7 5 7 19 12 4 9 15 16 8 5 5 4 
7 2 2 17 19 16 3 7 17 24 5 5 5 19 12 7 9 4 24 22 5 4 16 7 7 12 5 7 14 7 19 12 16 9 5 2 2 3 8 5 4 16 12 24 5 4 3 19 24 8 16 19 7 24 12 16 16 19 7 7 12 12 9 12 8 12 7 2 4 5 7 7 7 16 9 7 17 8 3 4 9 5 12 7 5 7 19 12 4 9 15 16 8 5 5 4 3 5 24 12 
7 2 2 17 19 16 3 7 17 24 5 5 5 19 12 7 9 4 24 22 5 4 16 7 7 12 5 7 14 7 19 12 16 9 5 2 2 3 8 5 4 16 12 24 5 4 3 19 24 8 16 19 7 24 12 16 16 19 7 7 12 12 9 12 8 12 7 2 4 5 7 7 7 16 9 7 17 8 3 4 9 5 12 7 5 7 19 12 4 9 15 16 8 5 5 4 3 5 24 12 
2 17 19 16 3 7 17 24 5 5 5 19 12 7 9 4 24 22 5 4 16 7 7 12 5 7 14 7 19 12 16 9 5 2 2 3 8 5 4 16 12 24 5 4 3 19 24 8 16 19 7 24 12 16 16 19 7 7 12 12 9 12 8 12 7 2 4 5 7 7 7 16 9 7 17 8 3 4 9 5 12 7 5 7 19 12 4 9 15 16 8 5 5 4 3 5 24 12 
17 24 5 5 5 19 12 7 9 4 24 22 5 4 16 7 7 12 5 7 14 7 19 12 16 9 5 2 2 3 8 5 4 16 12 24 5 4 3 19 24 8 16 19 7 24 12 16 16 19 7 7 12 12 9 12 8 12 7 2 4 5 7 7 7 16 9 7 17 8 3 4 9 5 12 7 5 7 19 12 4 9 15 16 8 5 5 4 3 5 24 12 17 12 19 12 15 16 35 1 17 5 14 
5 5 19 12 7 9 4 24 22 5 4 16 7 7 12 5 7 14 7 19 12 16 9 5 2 2 3 8 5 4 16 12 24 5 4 3 19 24 8 16 19 7 24 12 16 16 19 7 7 12 12 9 12 8 12 7 2 4 5 7 7 7 16 9 7 17 8 3 4 9 5 12 7 5 7 19 12 4 9 15 16 8 5 5 4 3 5 24 12 17 12 19 12 15 16 35 1 17 5 14 16 3 7 
12 7 9 4 24 22 5 4 16 7 7 12 5 7 14 7 19 12 16 9 5 2 2 3 8 5 4 16 12 24 5 4 3 19 24 8 16 19 7 24 12 16 16 19 7 7 12 12 9 12 8 12 7 2 4 5 7 7 7 16 9 7 17 8 3 4 9 5 12 7 5 7 19 12 4 9 15 16 8 5 5 4 3 5 24 12 17 12 19 12 15 16 35 1 17 5 14 16 3 7 12 7 24 31 19 7 
22 5 4 16 7 7 12 5 7 14 7 19 12 16 9 5 2 2 3 8 5 4 16 12 24 5 4 3 19 24 8 16 19 7 24 12 16 16 19 7 7 12 12 9 12 8 12 7 2 4 5 7 7 7 16 9 7 17 8 3 4 9 5 12 7 5 7 19 12 4 9 15 16 8 5 5 4 3 5 24 12 17 12 19 12 15 16 35 1 17 5 14 16 3 7 12 7 24 31 19 7 5 4 3 
22 5 4 16 7 7 12 5 7 14 7 19 12 16 9 5 2 2 3 8 5 4 16 12 24 5 4 3 19 24 8 16 19 7 24 12 16 16 19 7 7 12 12 9 12 8 12 7 2 4 5 7 7 7 16 9 7 17 8 3 4 9 5 12 7 5 7 19 12 4 9 15 16 8 5 5 4 3 5 24 12 17 12 19 12 15 16 35 1 17 5 14 16 3 7 12 7 24 31 19 7 5 4 3 7 7 12 3 16 
22 5 4 16 7 7 12 5 7 14 7 19 12 16 9 5 2 2 3 8 5 4 16 12 24 5 4 3 19 24 8 16 19 7 24 12 16 16 19 7 7 12 12 9 12 8 12 7 2 4 5 7 7 7 16 9 7 17 8 3 4 9 5 12 7 5 7 19 12 4 9 15 16 8 5 5 4 3 5 24 12 17 12 19 12 15 16 35 1 17 5 14 16 3 7 12 7 24 31 19 7 5 4 3 7 7 12 3 16 12 12 12 16 4 12 
7 7 12 5 7 14 7 12 16 9 5 2 2 3 8 5 4 16 12 24 5 4 3 19 24 8 16 19 7 24 12 16 16 19 7 7 12 12 9 12 8 12 7 2 4 5 7 7 7 16 9 7 17 8 3 4 9 5 12 7 5 7 19 12 4 9 15 16 8 5 5 4 3 5 24 12 17 12 19 12 15 16 35 1 17 5 14 16 3 7 12 7 24 31 19 7 5 4 3 7 7 12 3 16 12 12 12 16 4 12 36 4 1 29 7 16 4 
12 5 7 14 7 12 16 9 5 2 2 3 8 5 4 16 12 24 5 4 3 19 24 8 16 19 7 24 12 16 16 19 7 7 12 12 9 12 8 12 7 2 4 5 7 7 7 16 9 7 17 8 3 4 9 5 12 7 5 7 19 12 4 9 15 16 8 5 5 4 3 5 24 12 17 12 19 12 15 16 35 1 17 5 14 16 3 7 12 7 24 31 19 7 5 4 3 7 7 12 3 16 12 12 12 16 4 12 36 4 1 29 7 16 4 4 9 5 12 
12 16 9 5 2 2 3 8 5 4 16 12 24 5 4 3 19 24 8 16 19 7 24 12 16 16 19 7 7 12 12 9 12 8 12 7 2 4 5 7 7 7 16 9 7 17 8 3 4 9 5 12 7 5 7 19 12 4 9 15 16 8 5 5 4 3 5 24 12 17 12 19 12 15 16 35 1 17 5 14 16 3 7 12 7 24 31 19 7 5 4 3 7 7 12 3 16 12 12 12 16 4 12 36 4 1 29 7 16 4 4 9 5 12 7 24 31 11 1 7 
9 5 2 2 3 8 5 4 16 24 5 4 3 19 24 8 16 19 7 24 12 16 16 19 7 7 12 12 9 12 8 12 7 2 4 5 7 7 7 16 9 7 17 8 3 4 9 5 12 7 5 7 19 12 4 9 15 16 8 5 5 4 3 5 24 12 17 12 19 12 15 16 35 1 17 5 14 16 3 7 12 7 24 31 19 7 5 4 3 7 7 12 3 16 12 12 12 16 4 12 36 4 1 29 7 16 4 4 9 5 12 7 24 31 11 1 7 2 4 
2 3 8 5 4 24 5 4 3 19 24 8 16 19 7 24 12 16 16 19 7 7 12 12 9 12 8 12 7 2 4 5 7 7 7 16 9 7 17 8 3 4 9 5 12 7 5 7 19 12 4 9 15 16 8 5 5 4 3 5 24 12 17 12 19 12 15 16 35 1 17 5 14 16 3 7 12 7 24 31 19 7 5 4 3 7 7 12 3 16 12 12 12 16 4 12 36 4 1 29 7 16 4 4 9 5 12 7 24 31 11 1 7 2 4 
24 5 4 3 19 24 8 16 19 7 24 12 16 16 19 7 7 12 12 9 12 8 12 7 2 4 5 7 7 7 16 9 7 17 8 3 4 9 5 12 7 5 7 19 12 4 9 15 16 8 5 5 4 3 5 24 12 17 12 19 12 15 16 35 1 17 5 14 16 3 7 12 7 24 31 19 7 5 4 3 7 7 12 3 16 12 12 12 16 4 12 36 4 1 29 7 16 4 4 9 5 12 7 24 31 11 1 7 2 4 24 40 48 5 7 48 
19 24 8 16 19 7 12 16 16 19 7 7 12 12 9 12 8 12 7 2 4 5 7 7 7 16 9 7 17 8 3 4 9 5 12 7 5 7 19 12 4 9 15 16 8 5 5 4 3 5 24 12 17 12 19 12 15 16 35 1 17 5 14 16 3 7 12 7 24 31 19 7 5 4 3 7 7 12 3 16 12 12 12 16 4 12 36 4 1 29 7 16 4 4 9 5 12 7 24 31 11 1 7 2 4 24 40 48 5 7 48 29 12 
8 16 19 7 12 16 16 19 7 7 12 12 9 12 8 12 7 2 4 5 7 7 7 16 9 7 17 8 3 4 9 5 12 7 5 7 19 12 4 9 15 16 8 5 5 4 3 5 24 12 17 12 19 12 15 16 35 1 17 5 14 16 3 7 12 7 24 31 19 7 5 4 3 7 7 12 3 16 12 12 12 16 4 12 36 4 1 29 7 16 4 4 9 5 12 7 24 31 11 1 7 2 4 24 40 48 5 7 48 29 12 5 3 4 4 8 12 7 3 
16 19 7 7 12 12 9 12 8 12 7 2 4 5 7 7 7 16 9 7 17 8 3 4 9 5 12 7 5 7 19 12 4 9 15 16 8 5 5 4 3 5 24 12 17 12 19 12 15 16 35 1 17 5 14 16 3 7 12 7 24 31 19 7 5 4 3 7 7 12 3 16 12 12 12 16 4 12 36 4 1 29 7 16 4 4 9 5 12 7 24 31 11 1 7 2 4 24 40 48 5 7 48 29 12 5 3 4 4 8 12 7 3 4 12 7 31 19 
7 12 12 9 12 8 12 7 2 4 5 7 7 7 16 9 7 17 8 3 4 9 5 12 7 5 7 19 12 4 9 15 16 8 5 5 4 3 5 24 12 17 12 19 12 15 16 35 1 17 5 14 16 3 7 12 7 24 31 19 7 5 4 3 7 7 12 3 16 12 12 12 16 4 12 36 4 1 29 7 16 4 4 9 5 12 7 24 31 11 1 7 2 4 24 40 48 5 7 48 29 12 5 3 4 4 8 12 7 3 4 12 7 31 19 7 4 8 5 7 
12 12 9 12 8 12 7 2 4 5 7 7 7 16 9 7 17 8 3 4 9 5 12 7 5 7 19 12 4 9 15 16 8 5 5 4 3 5 24 12 17 12 19 12 15 16 35 1 17 5 14 16 3 7 12 7 24 31 19 7 5 4 3 7 7 12 3 16 12 12 12 16 4 12 36 4 1 29 7 16 4 4 9 5 12 7 24 31 11 1 7 2 4 24 40 48 5 7 48 29 12 5 3 4 4 8 12 7 3 4 12 7 31 19 7 4 8 5 7 4 4 12 5 3 4 
7 2 4 5 7 7 7 16 9 7 17 8 3 4 9 5 12 7 5 7 19 12 4 9 15 16 8 5 5 4 3 5 24 12 17 12 19 12 15 16 35 1 17 5 14 16 3 7 12 7 24 31 19 7 5 4 3 7 7 12 3 16 12 12 12 16 4 12 36 4 1 29 7 16 4 4 9 5 12 7 24 31 11 1 7 2 4 24 40 48 5 7 48 29 12 5 3 4 4 8 12 7 3 4 12 7 31 19 7 4 8 5 7 4 4 12 5 3 4 4 8 12 7 3 
7 7 16 9 7 17 8 3 4 9 5 12 7 5 7 19 12 4 9 15 16 8 5 5 4 3 5 24 12 17 12 19 12 15 16 35 1 17 5 14 16 3 7 12 7 24 31 19 7 5 4 3 7 7 12 3 16 12 12 12 16 4 12 36 4 1 29 7 16 4 4 9 5 12 7 24 31 11 1 7 2 4 24 40 48 5 7 48 29 12 5 3 4 4 8 12 7 3 4 12 7 31 19 7 4 8 5 7 4 4 12 5 3 4 4 8 12 7 3 10 8 3 7 
9 7 17 8 3 4 9 5 12 7 5 7 19 12 4 9 15 16 8 5 5 4 3 5 24 12 17 12 19 12 15 16 35 1 17 5 14 16 3 7 12 7 24 31 19 7 5 4 3 7 7 12 3 16 12 12 12 16 4 12 36 4 1 29 7 16 4 4 9 5 12 7 24 31 11 1 7 2 4 24 40 48 5 7 48 29 12 5 3 4 4 8 12 7 3 4 12 7 31 19 7 4 8 5 7 4 4 12 5 3 4 4 8 12 7 3 10 8 3 7 12 8 3 7 
4 9 5 12 7 5 7 19 12 4 9 15 16 8 5 5 4 3 5 24 12 17 12 19 12 15 16 35 1 17 5 14 16 3 7 12 7 24 31 19 7 5 4 3 7 7 12 3 16 12 12 12 16 4 12 36 4 1 29 7 16 4 4 9 5 12 7 24 31 11 1 7 2 4 24 40 48 5 7 48 29 12 5 3 4 4 8 12 7 3 4 12 7 31 19 7 4 8 5 7 4 4 12 5 3 4 4 8 12 7 3 10 8 3 7 12 8 3 7 4 8 12 5 17 
7 5 7 19 12 4 9 15 16 8 5 5 4 3 5 24 12 17 12 19 12 15 16 35 1 17 5 14 16 3 7 12 7 24 31 19 7 5 4 3 7 7 12 3 16 12 12 12 16 4 12 36 4 1 29 7 16 4 4 9 5 12 7 24 31 11 1 7 2 4 24 40 48 5 7 48 29 12 5 3 4 4 8 12 7 3 4 12 7 31 19 7 4 8 5 7 4 4 12 5 3 4 4 8 12 7 3 10 8 3 7 12 8 3 7 4 8 12 5 17 19 5 0 
12 4 9 15 16 8 5 5 4 3 5 24 12 17 12 19 12 15 16 35 1 17 5 14 16 3 7 12 7 24 31 19 7 5 4 3 7 7 12 3 16 12 12 12 16 4 12 36 4 1 29 7 16 4 4 9 5 12 7 24 31 11 1 7 2 4 24 40 48 5 7 48 29 12 5 3 4 4 8 12 7 3 4 12 7 31 19 7 4 8 5 7 4 4 12 5 3 4 4 8 12 7 3 10 8 3 7 12 8 3 7 4 8 12 5 17 19 5 0 4 3 7 12 7 3 4 
15 16 8 5 5 4 3 5 24 12 17 12 19 12 15 16 35 1 17 5 14 16 3 7 12 7 24 31 19 7 5 4 3 7 7 12 3 16 12 12 12 16 4 12 36 4 1 29 7 16 4 4 9 5 12 7 24 31 11 1 7 2 4 24 40 48 5 7 48 29 12 5 3 4 4 8 12 7 3 4 12 7 31 19 7 4 8 5 7 4 4 12 5 3 4 4 8 12 7 3 10 8 3 7 12 8 3 7 4 8 12 5 17 19 5 0 4 3 7 12 7 3 4 12 5 19 16 4 12 
5 5 4 3 5 24 12 17 12 19 12 15 16 35 1 17 5 14 16 3 7 12 7 24 31 19 7 5 4 3 7 7 12 3 16 12 12 12 16 4 12 36 4 1 29 7 16 4 4 9 5 12 7 24 31 11 1 7 2 4 24 40 48 5 7 48 29 12 5 3 4 4 8 12 7 3 4 12 7 31 19 7 4 8 5 7 4 4 12 5 3 4 4 8 12 7 3 10 8 3 7 12 8 3 7 4 8 12 5 17 19 5 0 4 3 7 12 7 3 4 12 5 19 16 4 12 12 5 8 
5 5 4 3 5 17 12 19 12 15 16 35 1 17 5 14 16 3 7 12 7 24 31 19 7 5 4 3 7 7 12 3 16 12 12 12 16 4 12 36 4 1 29 7 16 4 4 9 5 12 7 24 31 11 1 7 2 4 24 40 48 5 7 48 29 12 5 3 4 4 8 12 7 3 4 12 7 31 19 7 4 8 5 7 4 4 12 5 3 4 4 8 12 7 3 10 8 3 7 12 8 3 7 4 8 12 5 17 19 5 0 4 3 7 12 7 3 4 12 5 19 16 4 12 12 5 8 0 8 5 
3 5 17 12 19 12 15 16 35 1 17 5 14 16 3 7 12 7 24 31 19 7 5 4 3 7 7 12 3 16 12 12 12 16 4 12 36 4 1 29 7 16 4 4 9 5 12 7 24 31 11 1 7 2 4 24 40 48 5 7 48 29 12 5 3 4 4 8 12 7 3 4 12 7 31 19 7 4 8 5 7 4 4 12 5 3 4 4 8 12 7 3 10 8 3 7 12 8 3 7 4 8 12 5 17 19 5 0 4 3 7 12 7 3 4 12 5 19 16 4 12 12 5 8 0 8 5 3 8 7 5 12 5 7 
17 12 19 12 15 16 35 1 17 5 14 16 3 7 12 7 24 31 19 7 5 4 3 7 7 12 3 16 12 12 12 16 4 12 36 4 1 29 7 16 4 4 9 5 12 7 24 31 11 1 7 2 4 24 40 48 5 7 48 29 12 5 3 4 4 8 12 7 3 4 12 7 31 19 7 4 8 5 7 4 4 12 5 3 4 4 8 12 7 3 10 8 3 7 12 8 3 7 4 8 12 5 17 19 5 0 4 3 7 12 7 3 4 12 5 19 16 4 12 12 5 8 0 8 5 3 8 7 5 12 5 7 7 5 12 12 
17 12 19 12 15 16 35 1 17 5 14 16 3 7 12 7 24 31 19 7 5 4 3 7 7 12 3 16 12 12 12 16 4 12 36 4 1 29 7 16 4 4 9 5 12 7 24 31 11 1 7 2 4 24 40 48 5 7 48 29 12 5 3 4 4 8 12 7 3 4 12 7 31 19 7 4 8 5 7 4 4 12 5 3 4 4 8 12 7 3 10 8 3 7 12 8 3 7 4 8 12 5 17 19 5 0 4 3 7 12 7 3 4 12 5 19 16 4 12 12 5 8 0 8 5 3 8 7 5 12 5 7 7 5 12 12 4 8 24 17 2 5 0 5 5 7 
17 12 19 12 15 16 35 1 17 5 14 16 3 7 12 7 24 31 19 7 5 4 3 7 7 12 3 16 12 12 12 16 4 12 36 4 1 29 7 16 4 4 9 5 12 7 24 31 11 1 7 2 4 24 40 48 5 7 48 29 12 5 3 4 4 8 12 7 3 4 12 7 31 19 7 4 8 5 7 4 4 12 5 3 4 4 8 12 7 3 10 8 3 7 12 8 3 7 4 8 12 5 17 19 5 0 4 3 7 12 7 3 4 12 5 19 16 4 12 12 5 8 0 8 5 3 8 7 5 12 5 7 7 5 12 12 4 8 24 17 2 5 0 5 5 7 17 16 28 12 
16 3 7 12 7 31 19 7 5 4 3 7 7 12 3 16 12 12 12 16 4 12 36 4 1 29 7 16 4 4 9 5 12 7 24 31 11 1 7 2 4 24 40 48 5 7 48 29 12 5 3 4 4 8 12 7 3 4 12 7 31 19 7 4 8 5 7 4 4 12 5 3 4 4 8 12 7 3 10 8 3 7 12 8 3 7 4 8 12 5 17 19 5 0 4 3 7 12 7 3 4 12 5 19 16 4 12 12 5 8 0 8 5 3 8 7 5 12 5 7 7 5 12 12 4 8 24 17 2 5 0 5 5 7 17 16 28 12 2 16 9 5 1 4 12 19 
31 19 7 5 4 3 7 7 12 3 16 12 12 12 16 4 12 36 4 1 29 7 16 4 4 9 5 12 7 24 31 11 1 7 2 4 24 40 48 5 7 48 29 12 5 3 4 4 8 12 7 3 4 12 7 31 19 7 4 8 5 7 4 4 12 5 3 4 4 8 12 7 3 10 8 3 7 12 8 3 7 4 8 12 5 17 19 5 0 4 3 7 12 7 3 4 12 5 19 16 4 12 12 5 8 0 8 5 3 8 7 5 12 5 7 7 5 12 12 4 8 24 17 2 5 0 5 5 7 17 16 28 12 2 16 9 5 1 4 12 19 7 4 3 
5 4 3 7 7 12 3 16 12 12 12 16 4 12 36 4 1 29 7 16 4 4 9 5 12 7 24 31 11 1 7 2 4 24 40 48 5 7 48 29 12 5 3 4 4 8 12 7 3 4 12 7 31 19 7 4 8 5 7 4 4 12 5 3 4 4 8 12 7 3 10 8 3 7 12 8 3 7 4 8 12 5 17 19 5 0 4 3 7 12 7 3 4 12 5 19 16 4 12 12 5 8 0 8 5 3 8 7 5 12 5 7 7 5 12 12 4 8 24 17 2 5 0 5 5 7 17 16 28 12 2 16 9 5 1 4 12 19 7 4 3 7 12 12 7 3 
7 12 3 16 12 12 16 4 12 36 4 1 29 7 16 4 4 9 5 12 7 24 31 11 1 7 2 4 24 40 48 5 7 48 29 12 5 3 4 4 8 12 7 3 4 12 7 31 19 7 4 8 5 7 4 4 12 5 3 4 4 8 12 7 3 10 8 3 7 12 8 3 7 4 8 12 5 17 19 5 0 4 3 7 12 7 3 4 12 5 19 16 4 12 12 5 8 0 8 5 3 8 7 5 12 5 7 7 5 12 12 4 8 24 17 2 5 0 5 5 7 17 16 28 12 2 16 9 5 1 4 12 19 7 4 3 7 12 12 7 3 4 7 12 7 
12 16 4 12 36 4 1 29 7 16 4 4 9 5 12 7 24 31 11 1 7 2 4 24 40 48 5 7 48 29 12 5 3 4 4 8 12 7 3 4 12 7 31 19 7 4 8 5 7 4 4 12 5 3 4 4 8 12 7 3 10 8 3 7 12 8 3 7 4 8 12 5 17 19 5 0 4 3 7 12 7 3 4 12 5 19 16 4 12 12 5 8 0 8 5 3 8 7 5 12 5 7 7 5 12 12 4 8 24 17 2 5 0 5 5 7 17 16 28 12 2 16 9 5 1 4 12 19 7 4 3 7 12 12 7 3 4 7 12 7 12 12 5 0 7 12 24 
36 4 1 29 7 16 4 4 9 5 12 7 24 31 11 1 7 2 4 24 40 48 5 7 48 29 12 5 3 4 4 8 12 7 3 4 12 7 31 19 7 4 8 5 7 4 4 12 5 3 4 4 8 12 7 3 10 8 3 7 12 8 3 7 4 8 12 5 17 19 5 0 4 3 7 12 7 3 4 12 5 19 16 4 12 12 5 8 0 8 5 3 8 7 5 12 5 7 7 5 12 12 4 8 24 17 2 5 0 5 5 7 17 16 28 12 2 16 9 5 1 4 12 19 7 4 3 7 12 12 7 3 4 7 12 7 12 12 5 0 7 12 24 19 
4 9 5 12 7 31 11 1 7 2 4 24 40 48 5 7 48 29 12 5 3 4 4 8 12 7 3 4 12 7 31 19 7 4 8 5 7 4 4 12 5 3 4 4 8 12 7 3 10 8 3 7 12 8 3 7 4 8 12 5 17 19 5 0 4 3 7 12 7 3 4 12 5 19 16 4 12 12 5 8 0 8 5 3 8 7 5 12 5 7 7 5 12 12 4 8 24 17 2 5 0 5 5 7 17 16 28 12 2 16 9 5 1 4 12 19 7 4 3 7 12 12 7 3 4 7 12 7 12 12 5 0 7 12 24 19 9 5 12 19 
11 1 7 2 4 24 40 48 5 7 48 29 12 5 3 4 4 8 12 7 3 4 12 7 31 19 7 4 8 5 7 4 4 12 5 3 4 4 8 12 7 3 10 8 3 7 12 8 3 7 4 8 12 5 17 19 5 0 4 3 7 12 7 3 4 12 5 19 16 4 12 12 5 8 0 8 5 3 8 7 5 12 5 7 7 5 12 12 4 8 24 17 2 5 0 5 5 7 17 16 28 12 2 16 9 5 1 4 12 19 7 4 3 7 12 12 7 3 4 7 12 7 12 12 5 0 7 12 24 19 9 5 12 19 3 16 24 5 9 28 
24 48 5 7 29 12 5 3 4 4 8 12 7 3 4 12 7 31 19 7 4 8 5 7 4 4 12 5 3 4 4 8 12 7 3 10 8 3 7 12 8 3 7 4 8 12 5 17 19 5 0 4 3 7 12 7 3 4 12 5 19 16 4 12 12 5 8 0 8 5 3 8 7 5 12 5 7 7 5 12 12 4 8 24 17 2 5 0 5 5 7 17 16 28 12 2 16 9 5 1 4 12 19 7 4 3 7 12 12 7 3 4 7 12 7 12 12 5 0 7 12 24 19 9 5 12 19 3 16 24 5 9 28 16 8 
24 48 5 7 29 12 5 3 4 4 8 12 7 3 4 12 7 31 19 7 4 8 5 7 4 4 12 5 3 4 4 8 12 7 3 10 8 3 7 12 8 3 7 4 8 12 5 17 19 5 0 4 3 7 12 7 3 4 12 5 19 16 4 12 12 5 8 0 8 5 3 8 7 5 12 5 7 7 5 12 12 4 8 24 17 2 5 0 5 5 7 17 16 28 12 2 16 9 5 1 4 12 19 7 4 3 7 12 12 7 3 4 7 12 7 12 12 5 0 7 12 24 19 9 5 12 19 3 16 24 5 9 28 16 8 12 4 4 
7 29 12 5 3 4 4 8 12 7 3 4 12 7 31 19 7 4 8 5 7 4 4 12 5 3 4 4 8 12 7 3 10 8 3 7 12 8 3 7 4 8 12 5 17 19 5 0 4 3 7 12 7 3 4 12 5 19 16 4 12 12 5 8 0 8 5 3 8 7 5 12 5 7 7 5 12 12 4 8 24 17 2 5 0 5 5 7 17 16 28 12 2 16 9 5 1 4 12 19 7 4 3 7 12 12 7 3 4 7 12 7 12 12 5 0 7 12 24 19 9 5 12 19 3 16 24 5 9 28 16 8 12 4 4 9 8 17 16 9 19 26 
4 4 8 12 7 3 4 12 7 19 7 4 8 5 7 4 4 12 5 3 4 4 8 12 7 3 10 8 3 7 12 8 3 7 4 8 12 5 17 19 5 0 4 3 7 12 7 3 4 12 5 19 16 4 12 12 5 8 0 8 5 3 8 7 5 12 5 7 7 5 12 12 4 8 24 17 2 5 0 5 5 7 17 16 28 12 2 16 9 5 1 4 12 19 7 4 3 7 12 12 7 3 4 7 12 7 12 12 5 0 7 12 24 19 9 5 12 19 3 16 24 5 9 28 16 8 12 4 4 9 8 17 16 9 19 26 2 8 3 
4 8 12 7 3 4 12 7 19 7 4 8 5 7 4 4 12 5 3 4 4 8 12 7 3 10 8 3 7 12 8 3 7 4 8 12 5 17 19 5 0 4 3 7 12 7 3 4 12 5 19 16 4 12 12 5 8 0 8 5 3 8 7 5 12 5 7 7 5 12 12 4 8 24 17 2 5 0 5 5 7 17 16 28 12 2 16 9 5 1 4 12 19 7 4 3 7 12 12 7 3 4 7 12 7 12 12 5 0 7 12 24 19 9 5 12 19 3 16 24 5 9 28 16 8 12 4 4 9 8 17 16 9 19 26 2 8 3 7 7 19 
12 7 19 7 4 8 5 7 4 4 12 5 3 4 4 8 12 7 3 10 8 3 7 12 8 3 7 4 8 12 5 17 19 5 0 4 3 7 12 7 3 4 12 5 19 16 4 12 12 5 8 0 8 5 3 8 7 5 12 5 7 7 5 12 12 4 8 24 17 2 5 0 5 5 7 17 16 28 12 2 16 9 5 1 4 12 19 7 4 3 7 12 12 7 3 4 7 12 7 12 12 5 0 7 12 24 19 9 5 12 19 3 16 24 5 9 28 16 8 12 4 4 9 8 17 16 9 19 26 2 8 3 7 7 19 5 
4 8 5 7 4 4 12 5 3 4 4 8 12 7 3 10 8 3 7 12 8 3 7 4 8 12 5 17 19 5 0 4 3 7 12 7 3 4 12 5 19 16 4 12 12 5 8 0 8 5 3 8 7 5 12 5 7 7 5 12 12 4 8 24 17 2 5 0 5 5 7 17 16 28 12 2 16 9 5 1 4 12 19 7 4 3 7 12 12 7 3 4 7 12 7 12 12 5 0 7 12 24 19 9 5 12 19 3 16 24 5 9 28 16 8 12 4 4 9 8 17 16 9 19 26 2 8 3 7 7 19 5 21 38 41 7 
4 12 5 3 4 4 8 12 7 3 10 8 3 7 12 8 3 7 4 8 12 5 17 19 5 0 4 3 7 12 7 3 4 12 5 19 16 4 12 12 5 8 0 8 5 3 8 7 5 12 5 7 7 5 12 12 4 8 24 17 2 5 0 5 5 7 17 16 28 12 2 16 9 5 1 4 12 19 7 4 3 7 12 12 7 3 4 7 12 7 12 12 5 0 7 12 24 19 9 5 12 19 3 16 24 5 9 28 16 8 12 4 4 9 8 17 16 9 19 26 2 8 3 7 7 19 5 21 38 41 7 
3 10 8 3 7 12 8 3 7 4 8 12 5 17 19 5 0 4 3 7 12 7 3 4 12 5 19 16 4 12 12 5 8 0 8 5 3 8 7 5 12 5 7 7 5 12 12 4 8 24 17 2 5 0 5 5 7 17 16 28 12 2 16 9 5 1 4 12 19 7 4 3 7 12 12 7 3 4 7 12 7 12 12 5 0 7 12 24 19 9 5 12 19 3 16 24 5 9 28 16 8 12 4 4 9 8 17 16 9 19 26 2 8 3 7 7 19 5 21 38 41 7 24 12 55 12 5 4 
12 8 3 7 4 8 12 5 19 5 0 4 3 7 12 7 3 4 12 5 19 16 4 12 12 5 8 0 8 5 3 8 7 5 12 5 7 7 5 12 12 4 8 24 17 2 5 0 5 5 7 17 16 28 12 2 16 9 5 1 4 12 19 7 4 3 7 12 12 7 3 4 7 12 7 12 12 5 0 7 12 24 19 9 5 12 19 3 16 24 5 9 28 16 8 12 4 4 9 8 17 16 9 19 26 2 8 3 7 7 19 5 21 38 41 7 24 12 55 12 5 4 4 31 35 23 5 9 16 7 
7 4 8 12 5 19 5 0 4 3 7 12 7 3 4 12 5 19 16 4 12 12 5 8 0 8 5 3 8 7 5 12 5 7 7 5 12 12 4 8 24 17 2 5 0 5 5 7 17 16 28 12 2 16 9 5 1 4 12 19 7 4 3 7 12 12 7 3 4 7 12 7 12 12 5 0 7 12 24 19 9 5 12 19 3 16 24 5 9 28 16 8 12 4 4 9 8 17 16 9 19 26 2 8 3 7 7 19 5 21 38 41 7 24 12 55 12 5 4 4 31 35 23 5 9 16 7 7 12 4 
5 19 5 0 4 3 7 12 7 3 4 12 5 19 16 4 12 12 5 8 0 8 5 3 8 7 5 12 5 7 7 5 12 12 4 8 24 17 2 5 0 5 5 7 17 16 28 12 2 16 9 5 1 4 12 19 7 4 3 7 12 12 7 3 4 7 12 7 12 12 5 0 7 12 24 19 9 5 12 19 3 16 24 5 9 28 16 8 12 4 4 9 8 17 16 9 19 26 2 8 3 7 7 19 5 21 38 41 7 24 12 55 12 5 4 4 31 35 23 5 9 16 7 7 12 4 9 24 14 19 24 12 12 12 
0 4 3 7 7 3 4 12 5 16 4 12 12 5 8 0 8 5 3 8 7 5 12 5 7 7 5 12 12 4 8 24 17 2 5 0 5 5 7 17 16 28 12 2 16 9 5 1 4 12 19 7 4 3 7 12 12 7 3 4 7 12 7 12 12 5 0 7 12 24 19 9 5 12 19 3 16 24 5 9 28 16 8 12 4 4 9 8 17 16 9 19 26 2 8 3 7 7 19 5 21 38 41 7 24 12 55 12 5 4 4 31 35 23 5 9 16 7 7 12 4 9 24 14 19 24 12 12 12 11 3 
7 7 3 4 12 5 16 4 12 12 5 8 0 8 5 3 8 7 5 12 5 7 7 5 12 12 4 8 24 17 2 5 0 5 5 7 17 16 28 12 2 16 9 5 1 4 12 19 7 4 3 7 12 12 7 3 4 7 12 7 12 12 5 0 7 12 24 19 9 5 12 19 3 16 24 5 9 28 16 8 12 4 4 9 8 17 16 9 19 26 2 8 3 7 7 19 5 21 38 41 7 24 12 55 12 5 4 4 31 35 23 5 9 16 7 7 12 4 9 24 14 19 24 12 12 12 11 3 0 3 8 12 4 
16 4 12 12 5 8 0 8 5 3 8 7 5 12 5 7 7 5 12 12 4 8 24 17 2 5 0 5 5 7 17 16 28 12 2 16 9 5 1 4 12 19 7 4 3 7 12 12 7 3 4 7 12 7 12 12 5 0 7 12 24 19 9 5 12 19 3 16 24 5 9 28 16 8 12 4 4 9 8 17 16 9 19 26 2 8 3 7 7 19 5 21 38 41 7 24 12 55 12 5 4 4 31 35 23 5 9 16 7 7 12 4 9 24 14 19 24 12 12 12 11 3 0 3 8 12 4 8 8 4 5 17 19 
0 8 5 3 8 7 5 12 5 7 7 5 12 12 4 8 24 17 2 5 0 5 5 7 17 16 12 2 16 9 5 1 4 12 19 7 4 3 7 12 12 7 3 4 7 12 7 12 12 5 0 7 12 24 19 9 5 12 19 3 16 24 5 9 28 16 8 12 4 4 9 8 17 16 9 19 26 2 8 3 7 7 19 5 21 38 41 7 24 12 55 12 5 4 4 31 35 23 5 9 16 7 7 12 4 9 24 14 19 24 12 12 12 11 3 0 3 8 12 4 8 8 4 5 17 19 14 7 5 4 
3 8 7 5 12 5 7 7 5 12 12 4 8 24 17 2 5 0 5 5 7 17 16 12 2 16 9 5 1 4 12 19 7 4 3 7 12 12 7 3 4 7 12 7 12 12 5 0 7 12 24 19 9 5 12 19 3 16 24 5 9 28 16 8 12 4 4 9 8 17 16 9 19 26 2 8 3 7 7 19 5 21 38 41 7 24 12 55 12 5 4 4 31 35 23 5 9 16 7 7 12 4 9 24 14 19 24 12 12 12 11 3 0 3 8 12 4 8 8 4 5 17 19 14 7 5 4 9 7 31 15 4 5 28 
12 5 7 7 5 12 12 4 8 24 17 2 5 0 5 5 7 17 16 12 2 16 9 5 1 4 12 19 7 4 3 7 12 12 7 3 4 7 12 7 12 12 5 0 7 12 24 19 9 5 12 19 3 16 24 5 9 28 16 8 12 4 4 9 8 17 16 9 19 26 2 8 3 7 7 19 5 21 38 41 7 24 12 55 12 5 4 4 31 35 23 5 9 16 7 7 12 4 9 24 14 19 24 12 12 12 11 3 0 3 8 12 4 8 8 4 5 17 19 14 7 5 4 9 7 31 15 4 5 28 1 5 31 7 21 16 4 9 26 33 
12 12 4 8 24 17 2 5 0 5 5 7 17 16 12 2 16 9 5 1 4 12 19 7 4 3 7 12 12 7 3 4 7 12 7 12 12 5 0 7 12 24 19 9 5 12 19 3 16 24 5 9 28 16 8 12 4 4 9 8 17 16 9 19 26 2 8 3 7 7 19 5 21 38 41 7 24 12 55 12 5 4 4 31 35 23 5 9 16 7 7 12 4 9 24 14 19 24 12 12 12 11 3 0 3 8 12 4 8 8 4 5 17 19 14 7 5 4 9 7 31 15 4 5 28 1 5 31 7 21 16 4 9 26 33 11 3 5 12 
17 2 5 0 5 5 7 17 16 12 2 16 9 5 1 4 12 19 7 4 3 7 12 12 7 3 4 7 12 7 12 12 5 0 7 12 24 19 9 5 12 19 3 16 24 5 9 28 16 8 12 4 4 9 8 17 16 9 19 26 2 8 3 7 7 19 5 21 38 41 7 24 12 55 12 5 4 4 31 35 23 5 9 16 7 7 12 4 9 24 14 19 24 12 12 12 11 3 0 3 8 12 4 8 8 4 5 17 19 14 7 5 4 9 7 31 15 4 5 28 1 5 31 7 21 16 4 9 26 33 11 3 5 12 20 3 7 12 0 
16 12 2 16 9 5 1 4 12 19 7 4 3 7 12 12 7 3 4 7 12 7 12 12 5 0 7 12 24 19 9 5 12 19 3 16 24 5 9 28 16 8 12 4 4 9 8 17 16 9 19 26 2 8 3 7 7 19 5 21 38 41 7 24 12 55 12 5 4 4 31 35 23 5 9 16 7 7 12 4 9 24 14 19 24 12 12 12 11 3 0 3 8 12 4 8 8 4 5 17 19 14 7 5 4 9 7 31 15 4 5 28 1 5 31 7 21 16 4 9 26 33 11 3 5 12 20 3 7 12 0 0 12 12 7 19 16 28 12 
1 4 12 19 7 4 3 7 12 12 7 3 4 7 12 7 12 12 5 0 7 12 24 19 9 5 12 19 3 16 24 5 9 28 16 8 12 4 4 9 8 17 16 9 19 26 2 8 3 7 7 19 5 21 38 41 7 24 12 55 12 5 4 4 31 35 23 5 9 16 7 7 12 4 9 24 14 19 24 12 12 12 11 3 0 3 8 12 4 8 8 4 5 17 19 14 7 5 4 9 7 31 15 4 5 28 1 5 31 7 21 16 4 9 26 33 11 3 5 12 20 3 7 12 0 0 12 12 7 19 16 28 12 24 4 11 5 3 20 24 
7 12 12 7 3 4 7 12 7 12 12 5 0 7 12 19 9 5 12 19 3 16 24 5 9 28 16 8 12 4 4 9 8 17 16 9 19 26 2 8 3 7 7 19 5 21 38 41 7 24 12 55 12 5 4 4 31 35 23 5 9 16 7 7 12 4 9 24 14 19 24 12 12 12 11 3 0 3 8 12 4 8 8 4 5 17 19 14 7 5 4 9 7 31 15 4 5 28 1 5 31 7 21 16 4 9 26 33 11 3 5 12 20 3 7 12 0 0 12 12 7 19 16 28 12 24 4 11 5 3 20 24 7 3 4 12 0 19 3 15 
12 12 7 3 4 7 12 7 12 12 5 0 7 12 19 9 5 12 19 3 16 24 5 9 28 16 8 12 4 4 9 8 17 16 9 19 26 2 8 3 7 7 19 5 21 38 41 7 24 12 55 12 5 4 4 31 35 23 5 9 16 7 7 12 4 9 24 14 19 24 12 12 12 11 3 0 3 8 12 4 8 8 4 5 17 19 14 7 5 4 9 7 31 15 4 5 28 1 5 31 7 21 16 4 9 26 33 11 3 5 12 20 3 7 12 0 0 12 12 7 19 16 28 12 24 4 11 5 3 20 24 7 3 4 12 0 19 3 15 15 4 12 
4 7 12 7 12 12 5 0 7 12 19 9 5 12 19 3 16 24 5 9 28 16 8 12 4 4 9 8 17 16 9 19 26 2 8 3 7 7 19 5 21 38 41 7 24 12 55 12 5 4 4 31 35 23 5 9 16 7 7 12 4 9 24 14 19 24 12 12 12 11 3 0 3 8 12 4 8 8 4 5 17 19 14 7 5 4 9 7 31 15 4 5 28 1 5 31 7 21 16 4 9 26 33 11 3 5 12 20 3 7 12 0 0 12 12 7 19 16 28 12 24 4 11 5 3 20 24 7 3 4 12 0 19 3 15 15 4 12 19 8 3 
12 5 0 7 12 19 9 5 12 19 3 16 24 5 9 28 16 8 12 4 4 9 8 17 16 9 19 26 2 8 3 7 7 19 5 21 38 41 7 24 12 55 12 5 4 4 31 35 23 5 9 16 7 7 12 4 9 24 14 19 24 12 12 12 11 3 0 3 8 12 4 8 8 4 5 17 19 14 7 5 4 9 7 31 15 4 5 28 1 5 31 7 21 16 4 9 26 33 11 3 5 12 20 3 7 12 0 0 12 12 7 19 16 28 12 24 4 11 5 3 20 24 7 3 4 12 0 19 3 15 15 4 12 19 8 3 3 8 5 7 4 
19 9 5 12 19 3 16 24 5 9 28 16 8 12 4 4 9 8 17 16 9 19 26 2 8 3 7 7 19 5 21 38 41 7 24 12 55 12 5 4 4 31 35 23 5 9 16 7 7 12 4 9 24 14 19 24 12 12 12 11 3 0 3 8 12 4 8 8 4 5 17 19 14 7 5 4 9 7 31 15 4 5 28 1 5 31 7 21 16 4 9 26 33 11 3 5 12 20 3 7 12 0 0 12 12 7 19 16 28 12 24 4 11 5 3 20 24 7 3 4 12 0 19 3 15 15 4 12 19 8 3 3 8 5 7 4 0 8 12 5 17 19 17 
5 19 3 16 24 5 9 28 16 8 12 4 4 9 8 17 16 9 19 26 2 8 3 7 7 19 5 21 38 41 7 24 12 55 12 5 4 4 31 35 23 5 9 16 7 7 12 4 9 24 14 19 24 12 12 12 11 3 0 3 8 12 4 8 8 4 5 17 19 14 7 5 4 9 7 31 15 4 5 28 1 5 31 7 21 16 4 9 26 33 11 3 5 12 20 3 7 12 0 0 12 12 7 19 16 28 12 24 4 11 5 3 20 24 7 3 4 12 0 19 3 15 15 4 12 19 8 3 3 8 5 7 4 0 8 12 5 17 19 17 4 19 4 24 29 
5 9 28 16 8 12 4 4 9 8 17 16 9 19 26 2 8 3 7 7 19 5 21 38 41 7 24 12 55 12 5 4 4 31 35 23 5 9 16 7 7 12 4 9 24 14 19 24 12 12 12 11 3 0 3 8 12 4 8 8 4 5 17 19 14 7 5 4 9 7 31 15 4 5 28 1 5 31 7 21 16 4 9 26 33 11 3 5 12 20 3 7 12 0 0 12 12 7 19 16 28 12 24 4 11 5 3 20 24 7 3 4 12 0 19 3 15 15 4 12 19 8 3 3 8 5 7 4 0 8 12 5 17 19 17 4 19 4 24 29 0 9 4 19 24 4 11 12 12 
16 8 12 4 4 9 8 17 16 9 19 26 2 8 3 7 7 19 5 21 38 41 7 24 12 55 12 5 4 4 31 35 23 5 9 16 7 7 12 4 9 24 14 19 24 12 12 12 11 3 0 3 8 12 4 8 8 4 5 17 19 14 7 5 4 9 7 31 15 4 5 28 1 5 31 7 21 16 4 9 26 33 11 3 5 12 20 3 7 12 0 0 12 12 7 19 16 28 12 24 4 11 5 3 20 24 7 3 4 12 0 19 3 15 15 4 12 19 8 3 3 8 5 7 4 0 8 12 5 17 19 17 4 19 4 24 29 0 9 4 19 24 4 11 12 12 5 12 16 
4 4 9 8 17 16 9 26 2 8 3 7 7 19 5 21 38 41 7 24 12 55 12 5 4 4 31 35 23 5 9 16 7 7 12 4 9 24 14 19 24 12 12 12 11 3 0 3 8 12 4 8 8 4 5 17 19 14 7 5 4 9 7 31 15 4 5 28 1 5 31 7 21 16 4 9 26 33 11 3 5 12 20 3 7 12 0 0 12 12 7 19 16 28 12 24 4 11 5 3 20 24 7 3 4 12 0 19 3 15 15 4 12 19 8 3 3 8 5 7 4 0 8 12 5 17 19 17 4 19 4 24 29 0 9 4 19 24 4 11 12 12 5 12 16 
17 16 9 26 2 8 3 7 7 19 5 21 38 41 7 24 12 55 12 5 4 4 31 35 23 5 9 16 7 7 12 4 9 24 14 19 24 12 12 12 11 3 0 3 8 12 4 8 8 4 5 17 19 14 7 5 4 9 7 31 15 4 5 28 1 5 31 7 21 16 4 9 26 33 11 3 5 12 20 3 7 12 0 0 12 12 7 19 16 28 12 24 4 11 5 3 20 24 7 3 4 12 0 19 3 15 15 4 12 19 8 3 3 8 5 7 4 0 8 12 5 17 19 17 4 19 4 24 29 0 9 4 19 24 4 11 12 12 5 12 16 7 5 4 16 
2 8 3 7 7 19 5 21 38 41 7 24 12 55 12 5 4 4 31 35 23 5 9 16 7 7 12 4 9 24 14 19 24 12 12 12 11 3 0 3 8 12 4 8 8 4 5 17 19 14 7 5 4 9 7 31 15 4 5 28 1 5 31 7 21 16 4 9 26 33 11 3 5 12 20 3 7 12 0 0 12 12 7 19 16 28 12 24 4 11 5 3 20 24 7 3 4 12 0 19 3 15 15 4 12 19 8 3 3 8 5 7 4 0 8 12 5 17 19 17 4 19 4 24 29 0 9 4 19 24 4 11 12 12 5 12 16 7 5 4 16 43 3 8 12 
7 7 5 21 38 41 7 24 12 55 12 5 4 4 31 35 23 5 9 16 7 7 12 4 9 24 14 19 24 12 12 12 11 3 0 3 8 12 4 8 8 4 5 17 19 14 7 5 4 9 7 31 15 4 5 28 1 5 31 7 21 16 4 9 26 33 11 3 5 12 20 3 7 12 0 0 12 12 7 19 16 28 12 24 4 11 5 3 20 24 7 3 4 12 0 19 3 15 15 4 12 19 8 3 3 8 5 7 4 0 8 12 5 17 19 17 4 19 4 24 29 0 9 4 19 24 4 11 12 12 5 12 16 7 5 4 16 43 3 8 12 9 9 0 9 28 24 8 
5 21 38 24 12 55 12 5 4 4 31 35 23 5 9 16 7 7 12 4 9 24 14 19 24 12 12 12 11 3 0 3 8 12 4 8 8 4 5 17 19 14 7 5 4 9 7 31 15 4 5 28 1 5 31 7 21 16 4 9 26 33 11 3 5 12 20 3 7 12 0 0 12 12 7 19 16 28 12 24 4 11 5 3 20 24 7 3 4 12 0 19 3 15 15 4 12 19 8 3 3 8 5 7 4 0 8 12 5 17 19 17 4 19 4 24 29 0 9 4 19 24 4 11 12 12 5 12 16 7 5 4 16 43 3 8 12 9 9 0 9 28 24 8 8 8 16 12 7 19 19 7 
38 24 12 55 12 5 4 4 31 35 23 5 9 16 7 7 12 4 9 24 14 19 24 12 12 12 11 3 0 3 8 12 4 8 8 4 5 17 19 14 7 5 4 9 7 31 15 4 5 28 1 5 31 7 21 16 4 9 26 33 11 3 5 12 20 3 7 12 0 0 12 12 7 19 16 28 12 24 4 11 5 3 20 24 7 3 4 12 0 19 3 15 15 4 12 19 8 3 3 8 5 7 4 0 8 12 5 17 19 17 4 19 4 24 29 0 9 4 19 24 4 11 12 12 5 12 16 7 5 4 16 43 3 8 12 9 9 0 9 28 24 8 8 8 16 12 7 19 19 7 5 9 28 24 12 
55 12 5 4 4 31 35 23 5 9 16 7 7 12 4 9 24 14 19 24 12 12 12 11 3 0 3 8 12 4 8 8 4 5 17 19 14 7 5 4 9 7 31 15 4 5 28 1 5 31 7 21 16 4 9 26 33 11 3 5 12 20 3 7 12 0 0 12 12 7 19 16 28 12 24 4 11 5 3 20 24 7 3 4 12 0 19 3 15 15 4 12 19 8 3 3 8 5 7 4 0 8 12 5 17 19 17 4 19 4 24 29 0 9 4 19 24 4 11 12 12 5 12 16 7 5 4 16 43 3 8 12 9 9 0 9 28 24 8 8 8 16 12 7 19 19 7 5 9 28 24 12 12 7 
12 5 4 4 31 35 23 5 9 16 7 7 12 4 9 24 14 19 24 12 12 12 11 3 0 3 8 12 4 8 8 4 5 17 19 14 7 5 4 9 7 31 15 4 5 28 1 5 31 7 21 16 4 9 26 33 11 3 5 12 20 3 7 12 0 0 12 12 7 19 16 28 12 24 4 11 5 3 20 24 7 3 4 12 0 19 3 15 15 4 12 19 8 3 3 8 5 7 4 0 8 12 5 17 19 17 4 19 4 24 29 0 9 4 19 24 4 11 12 12 5 12 16 7 5 4 16 43 3 8 12 9 9 0 9 28 24 8 8 8 16 12 7 19 19 7 5 9 28 24 12 12 7 7 7 19 14 5 31 
4 35 16 7 7 12 4 9 24 14 19 24 12 12 12 11 3 0 3 8 12 4 8 8 4 5 17 19 14 7 5 4 9 7 31 15 4 5 28 1 5 31 7 21 16 4 9 26 33 11 3 5 12 20 3 7 12 0 0 12 12 7 19 16 28 12 24 4 11 5 3 20 24 7 3 4 12 0 19 3 15 15 4 12 19 8 3 3 8 5 7 4 0 8 12 5 17 19 17 4 19 4 24 29 0 9 4 19 24 4 11 12 12 5 12 16 7 5 4 16 43 3 8 12 9 9 0 9 28 24 8 8 8 16 12 7 19 19 7 5 9 28 24 12 12 7 7 7 19 14 5 31 12 16 3 17 12 
7 9 14 24 12 12 12 11 3 0 3 8 12 4 8 8 4 5 17 19 14 7 5 4 9 7 31 15 4 5 28 1 5 31 7 21 16 4 9 26 33 11 3 5 12 20 3 7 12 0 0 12 12 7 19 16 28 12 24 4 11 5 3 20 24 7 3 4 12 0 19 3 15 15 4 12 19 8 3 3 8 5 7 4 0 8 12 5 17 19 17 4 19 4 24 29 0 9 4 19 24 4 11 12 12 5 12 16 7 5 4 16 43 3 8 12 9 9 0 9 28 24 8 8 8 16 12 7 19 19 7 5 9 28 24 12 12 7 7 7 19 14 5 31 12 16 3 17 12 12 24 8 3 7 12 12 7 
14 24 12 12 12 11 3 0 3 8 12 4 8 8 4 5 17 19 14 7 5 4 9 7 31 15 4 5 28 1 5 31 7 21 16 4 9 26 33 11 3 5 12 20 3 7 12 0 0 12 12 7 19 16 28 12 24 4 11 5 3 20 24 7 3 4 12 0 19 3 15 15 4 12 19 8 3 3 8 5 7 4 0 8 12 5 17 19 17 4 19 4 24 29 0 9 4 19 24 4 11 12 12 5 12 16 7 5 4 16 43 3 8 12 9 9 0 9 28 24 8 8 8 16 12 7 19 19 7 5 9 28 24 12 12 7 7 7 19 14 5 31 12 16 3 17 12 12 24 8 3 7 12 12 7 7 4 0 4 12 
0 3 8 12 4 8 8 4 5 19 14 7 5 4 9 7 31 15 4 5 28 1 5 31 7 21 16 4 9 26 33 11 3 5 12 20 3 7 12 0 0 12 12 7 19 16 28 12 24 4 11 5 3 20 24 7 3 4 12 0 19 3 15 15 4 12 19 8 3 3 8 5 7 4 0 8 12 5 17 19 17 4 19 4 24 29 0 9 4 19 24 4 11 12 12 5 12 16 7 5 4 16 43 3 8 12 9 9 0 9 28 24 8 8 8 16 12 7 19 19 7 5 9 28 24 12 12 7 7 7 19 14 5 31 12 16 3 17 12 12 24 8 3 7 12 12 7 7 4 0 4 12 16 9 19 12 0 
0 3 8 4 8 8 4 5 19 14 7 5 4 9 7 31 15 4 5 28 1 5 31 7 21 16 4 9 26 33 11 3 5 12 20 3 7 12 0 0 12 12 7 19 16 28 12 24 4 11 5 3 20 24 7 3 4 12 0 19 3 15 15 4 12 19 8 3 3 8 5 7 4 0 8 12 5 17 19 17 4 19 4 24 29 0 9 4 19 24 4 11 12 12 5 12 16 7 5 4 16 43 3 8 12 9 9 0 9 28 24 8 8 8 16 12 7 19 19 7 5 9 28 24 12 12 7 7 7 19 14 5 31 12 16 3 17 12 12 24 8 3 7 12 12 7 7 4 0 4 12 16 9 19 12 0 12 0 12 12 7 
8 8 5 19 14 7 5 4 9 7 31 15 4 5 28 1 5 31 7 21 16 4 9 26 33 11 3 5 12 20 3 7 12 0 0 12 12 7 19 16 28 12 24 4 11 5 3 20 24 7 3 4 12 0 19 3 15 15 4 12 19 8 3 3 8 5 7 4 0 8 12 5 17 19 17 4 19 4 24 29 0 9 4 19 24 4 11 12 12 5 12 16 7 5 4 16 43 3 8 12 9 9 0 9 28 24 8 8 8 16 12 7 19 19 7 5 9 28 24 12 12 7 7 7 19 14 5 31 12 16 3 17 12 12 24 8 3 7 12 12 7 7 4 0 4 12 16 9 19 12 0 12 0 12 12 7 19 16 9 9 16 12 24 19 
9 7 31 15 4 5 28 1 5 31 7 21 16 4 9 26 33 11 3 5 12 20 3 7 12 0 0 12 12 7 19 16 28 12 24 4 11 5 3 20 24 7 3 4 12 0 19 3 15 15 4 12 19 8 3 3 8 5 7 4 0 8 12 5 17 19 17 4 19 4 24 29 0 9 4 19 24 4 11 12 12 5 12 16 7 5 4 16 43 3 8 12 9 9 0 9 28 24 8 8 8 16 12 7 19 19 7 5 9 28 24 12 12 7 7 7 19 14 5 31 12 16 3 17 12 12 24 8 3 7 12 12 7 7 4 0 4 12 16 9 19 12 0 12 0 12 12 7 19 16 9 9 16 12 24 19 2 9 21 
31 5 28 1 5 31 7 21 16 4 9 26 33 11 3 5 12 20 3 7 12 0 0 12 12 7 19 16 28 12 24 4 11 5 3 20 24 7 3 4 12 0 19 3 15 15 4 12 19 8 3 3 8 5 7 4 0 8 12 5 17 19 17 4 19 4 24 29 0 9 4 19 24 4 11 12 12 5 12 16 7 5 4 16 43 3 8 12 9 9 0 9 28 24 8 8 8 16 12 7 19 19 7 5 9 28 24 12 12 7 7 7 19 14 5 31 12 16 3 17 12 12 24 8 3 7 12 12 7 7 4 0 4 12 16 9 19 12 0 12 0 12 12 7 19 16 9 9 16 12 24 19 2 9 21 12 28 8 5 7 0 12 19 
5 7 21 16 4 9 26 33 11 3 5 12 20 3 7 12 0 0 12 12 7 19 16 28 12 24 4 11 5 3 20 24 7 3 4 12 0 19 3 15 15 4 12 19 8 3 3 8 5 7 4 0 8 12 5 17 19 17 4 19 4 24 29 0 9 4 19 24 4 11 12 12 5 12 16 7 5 4 16 43 3 8 12 9 9 0 9 28 24 8 8 8 16 12 7 19 19 7 5 9 28 24 12 12 7 7 7 19 14 5 31 12 16 3 17 12 12 24 8 3 7 12 12 7 7 4 0 4 12 16 9 19 12 0 12 0 12 12 7 19 16 9 9 16 12 24 19 2 9 21 12 28 8 5 7 0 12 19 3 4 4 4 12 0 12 7 
20 3 7 12 0 0 12 12 7 19 16 12 24 4 11 5 3 20 24 7 3 4 12 0 19 3 15 15 4 12 19 8 3 3 8 5 7 4 0 8 12 5 17 19 17 4 19 4 24 29 0 9 4 19 24 4 11 12 12 5 12 16 7 5 4 16 43 3 8 12 9 9 0 9 28 24 8 8 8 16 12 7 19 19 7 5 9 28 24 12 12 7 7 7 19 14 5 31 12 16 3 17 12 12 24 8 3 7 12 12 7 7 4 0 4 12 16 9 19 12 0 12 0 12 12 7 19 16 9 9 16 12 24 19 2 9 21 12 28 8 5 7 0 12 19 3 4 4 4 12 0 12 7 19 
0 0 12 12 7 19 16 12 24 4 11 5 3 20 24 7 3 4 12 0 19 3 15 15 4 12 19 8 3 3 8 5 7 4 0 8 12 5 17 19 17 4 19 4 24 29 0 9 4 19 24 4 11 12 12 5 12 16 7 5 4 16 43 3 8 12 9 9 0 9 28 24 8 8 8 16 12 7 19 19 7 5 9 28 24 12 12 7 7 7 19 14 5 31 12 16 3 17 12 12 24 8 3 7 12 12 7 7 4 0 4 12 16 9 19 12 0 12 0 12 12 7 19 16 9 9 16 12 24 19 2 9 21 12 28 8 5 7 0 12 19 3 4 4 4 12 0 12 7 19 19 0 12 12 
12 7 16 12 24 4 11 5 3 20 24 7 3 4 12 0 19 3 15 15 4 12 19 8 3 3 8 5 7 4 0 8 12 5 17 19 17 4 19 4 24 29 0 9 4 19 24 4 11 12 12 5 12 16 7 5 4 16 43 3 8 12 9 9 0 9 28 24 8 8 8 16 12 7 19 19 7 5 9 28 24 12 12 7 7 7 19 14 5 31 12 16 3 17 12 12 24 8 3 7 12 12 7 7 4 0 4 12 16 9 19 12 0 12 0 12 12 7 19 16 9 9 16 12 24 19 2 9 21 12 28 8 5 7 0 12 19 3 4 4 4 12 0 12 7 19 19 0 12 12 9 16 7 9 4 5 
4 20 24 7 3 4 0 19 3 15 15 4 12 19 8 3 3 8 5 7 4 0 8 12 5 17 19 17 4 19 4 24 29 0 9 4 19 24 4 11 12 12 5 12 16 7 5 4 16 43 3 8 12 9 9 0 9 28 24 8 8 8 16 12 7 19 19 7 5 9 28 24 12 12 7 7 7 19 14 5 31 12 16 3 17 12 12 24 8 3 7 12 12 7 7 4 0 4 12 16 9 19 12 0 12 0 12 12 7 19 16 9 9 16 12 24 19 2 9 21 12 28 8 5 7 0 12 19 3 4 4 4 12 0 12 7 19 19 0 12 12 9 16 7 9 4 5 9 12 24 5 9 
4 0 19 3 15 4 12 19 8 3 3 8 5 7 4 0 8 12 5 17 19 17 4 19 4 24 29 0 9 4 19 24 4 11 12 12 5 12 16 7 5 4 16 43 3 8 12 9 9 0 9 28 24 8 8 8 16 12 7 19 19 7 5 9 28 24 12 12 7 7 7 19 14 5 31 12 16 3 17 12 12 24 8 3 7 12 12 7 7 4 0 4 12 16 9 19 12 0 12 0 12 12 7 19 16 9 9 16 12 24 19 2 9 21 12 28 8 5 7 0 12 19 3 4 4 4 12 0 12 7 19 19 0 12 12 9 16 7 9 4 5 9 12 24 5 9 33 12 16 4 7 
12 19 8 3 3 8 5 7 4 0 8 12 5 17 19 17 4 19 4 24 29 0 9 4 19 24 4 11 12 12 5 12 16 7 5 4 16 43 3 8 12 9 9 0 9 28 24 8 8 8 16 12 7 19 19 7 5 9 28 24 12 12 7 7 7 19 14 5 31 12 16 3 17 12 12 24 8 3 7 12 12 7 7 4 0 4 12 16 9 19 12 0 12 0 12 12 7 19 16 9 9 16 12 24 19 2 9 21 12 28 8 5 7 0 12 19 3 4 4 4 12 0 12 7 19 19 0 12 12 9 16 7 9 4 5 9 12 24 5 9 33 12 16 4 7 7 7 3 16 
3 8 5 7 4 0 8 12 5 19 17 4 19 4 24 29 0 9 4 19 24 4 11 12 12 5 12 16 7 5 4 16 43 3 8 12 9 9 0 9 28 24 8 8 8 16 12 7 19 19 7 5 9 28 24 12 12 7 7 7 19 14 5 31 12 16 3 17 12 12 24 8 3 7 12 12 7 7 4 0 4 12 16 9 19 12 0 12 0 12 12 7 19 16 9 9 16 12 24 19 2 9 21 12 28 8 5 7 0 12 19 3 4 4 4 12 0 12 7 19 19 0 12 12 9 16 7 9 4 5 9 12 24 5 9 33 12 16 4 7 7 7 3 16 19 19 16 4 
4 0 8 12 5 19 17 4 19 4 24 29 0 9 4 19 24 4 11 12 12 5 12 16 7 5 4 16 43 3 8 12 9 9 0 9 28 24 8 8 8 16 12 7 19 19 7 5 9 28 24 12 12 7 7 7 19 14 5 31 12 16 3 17 12 12 24 8 3 7 12 12 7 7 4 0 4 12 16 9 19 12 0 12 0 12 12 7 19 16 9 9 16 12 24 19 2 9 21 12 28 8 5 7 0 12 19 3 4 4 4 12 0 12 7 19 19 0 12 12 9 16 7 9 4 5 9 12 24 5 9 33 12 16 4 7 7 7 3 16 19 19 16 4 2 14 7 5 12 7 
5 19 17 4 19 4 24 29 0 9 4 19 24 4 11 12 12 5 12 16 7 5 4 16 43 3 8 12 9 9 0 9 28 24 8 8 8 16 12 7 19 19 7 5 9 28 24 12 12 7 7 7 19 14 5 31 12 16 3 17 12 12 24 8 3 7 12 12 7 7 4 0 4 12 16 9 19 12 0 12 0 12 12 7 19 16 9 9 16 12 24 19 2 9 21 12 28 8 5 7 0 12 19 3 4 4 4 12 0 12 7 19 19 0 12 12 9 16 7 9 4 5 9 12 24 5 9 33 12 16 4 7 7 7 3 16 19 19 16 4 2 14 7 5 12 7 7 2 2 16 19 
24 0 9 4 19 24 4 12 12 5 12 16 7 5 4 16 43 3 8 12 9 9 0 9 28 24 8 8 8 16 12 7 19 19 7 5 9 28 24 12 12 7 7 7 19 14 5 31 12 16 3 17 12 12 24 8 3 7 12 12 7 7 4 0 4 12 16 9 19 12 0 12 0 12 12 7 19 16 9 9 16 12 24 19 2 9 21 12 28 8 5 7 0 12 19 3 4 4 4 12 0 12 7 19 19 0 12 12 9 16 7 9 4 5 9 12 24 5 9 33 12 16 4 7 7 7 3 16 19 19 16 4 2 14 7 5 12 7 7 2 2 16 19 12 9 7 
24 4 12 12 5 12 16 7 5 4 16 43 3 8 12 9 9 0 9 28 24 8 8 8 16 12 7 19 19 7 5 9 28 24 12 12 7 7 7 19 14 5 31 12 16 3 17 12 12 24 8 3 7 12 12 7 7 4 0 4 12 16 9 19 12 0 12 0 12 12 7 19 16 9 9 16 12 24 19 2 9 21 12 28 8 5 7 0 12 19 3 4 4 4 12 0 12 7 19 19 0 12 12 9 16 7 9 4 5 9 12 24 5 9 33 12 16 4 7 7 7 3 16 19 19 16 4 2 14 7 5 12 7 7 2 2 16 19 12 9 7 16 9 7 12 
12 16 7 5 4 16 43 3 8 12 9 9 0 9 28 24 8 8 8 16 12 7 19 19 7 5 9 28 24 12 12 7 7 7 19 14 5 31 12 16 3 17 12 12 24 8 3 7 12 12 7 7 4 0 4 12 16 9 19 12 0 12 0 12 12 7 19 16 9 9 16 12 24 19 2 9 21 12 28 8 5 7 0 12 19 3 4 4 4 12 0 12 7 19 19 0 12 12 9 16 7 9 4 5 9 12 24 5 9 33 12 16 4 7 7 7 3 16 19 19 16 4 2 14 7 5 12 7 7 2 2 16 19 12 9 7 16 9 7 12 7 19 
43 3 8 12 9 9 0 9 28 24 8 8 8 16 12 7 19 19 7 5 9 28 24 12 12 7 7 7 19 14 5 31 12 16 3 17 12 12 24 8 3 7 12 12 7 7 4 0 4 12 16 9 19 12 0 12 0 12 12 7 19 16 9 9 16 12 24 19 2 9 21 12 28 8 5 7 0 12 19 3 4 4 4 12 0 12 7 19 19 0 12 12 9 16 7 9 4 5 9 12 24 5 9 33 12 16 4 7 7 7 3 16 19 19 16 4 2 14 7 5 12 7 7 2 2 16 19 12 9 7 16 9 7 12 7 19 12 4 16 7 
43 3 8 12 9 9 0 9 28 24 8 8 8 16 12 7 19 19 7 5 9 28 24 12 12 7 7 7 19 14 5 31 12 16 3 17 12 12 24 8 3 7 12 12 7 7 4 0 4 12 16 9 19 12 0 12 0 12 12 7 19 16 9 9 16 12 24 19 2 9 21 12 28 8 5 7 0 12 19 3 4 4 4 12 0 12 7 19 19 0 12 12 9 16 7 9 4 5 9 12 24 5 9 33 12 16 4 7 7 7 3 16 19 19 16 4 2 14 7 5 12 7 7 2 2 16 19 12 9 7 16 9 7 12 7 19 12 4 16 7 0 5 4 9 5 4 0 8 
9 9 0 9 28 24 8 8 8 16 12 7 19 19 7 5 9 28 24 12 12 7 7 7 19 14 5 31 12 16 3 17 12 12 24 8 3 7 12 12 7 7 4 0 4 12 16 9 19 12 0 12 0 12 12 7 19 16 9 9 16 12 24 19 2 9 21 12 28 8 5 7 0 12 19 3 4 4 4 12 0 12 7 19 19 0 12 12 9 16 7 9 4 5 9 12 24 5 9 33 12 16 4 7 7 7 3 16 19 19 16 4 2 14 7 5 12 7 7 2 2 16 19 12 9 7 16 9 7 12 7 19 12 4 16 7 0 5 4 9 5 4 0 8 8 8 24 19 3 
0 9 24 8 8 8 16 12 7 19 19 7 5 9 24 12 12 7 7 7 19 14 5 31 12 16 3 17 12 12 24 8 3 7 12 12 7 7 4 0 4 12 16 9 19 12 0 12 0 12 12 7 19 16 9 9 16 12 24 19 2 9 21 12 28 8 5 7 0 12 19 3 4 4 4 12 0 12 7 19 19 0 12 12 9 16 7 9 4 5 9 12 24 5 9 33 12 16 4 7 7 7 3 16 19 19 16 4 2 14 7 5 12 7 7 2 2 16 19 12 9 7 16 9 7 12 7 19 12 4 16 7 0 5 4 9 5 4 0 8 8 8 24 19 3 9 12 5 9 16 
12 7 19 19 7 5 9 24 12 12 7 7 7 19 14 5 31 12 16 3 17 12 12 24 8 3 7 12 12 7 7 4 0 4 12 16 9 19 12 0 12 0 12 12 7 19 16 9 9 16 12 24 19 2 9 21 12 28 8 5 7 0 12 19 3 4 4 4 12 0 12 7 19 19 0 12 12 9 16 7 9 4 5 9 12 24 5 9 33 12 16 4 7 7 7 3 16 19 19 16 4 2 14 7 5 12 7 7 2 2 16 19 12 9 7 16 9 7 12 7 19 12 4 16 7 0 5 4 9 5 4 0 8 8 8 24 19 3 9 12 5 9 16 7 5 12 7 
5 9 24 12 7 7 7 19 14 5 31 12 16 3 17 12 12 24 8 3 7 12 12 7 7 4 0 4 12 16 9 19 12 0 12 0 12 12 7 19 16 9 9 16 12 24 19 2 9 21 12 28 8 5 7 0 12 19 3 4 4 4 12 0 12 7 19 19 0 12 12 9 16 7 9 4 5 9 12 24 5 9 33 12 16 4 7 7 7 3 16 19 19 16 4 2 14 7 5 12 7 7 2 2 16 19 12 9 7 16 9 7 12 7 19 12 4 16 7 0 5 4 9 5 4 0 8 8 8 24 19 3 9 12 5 9 16 7 5 12 7 0 9 28 24 5 7 
12 7 7 7 19 14 5 12 16 3 17 12 12 24 8 3 7 12 12 7 7 4 0 4 12 16 9 19 12 0 12 0 12 12 7 19 16 9 9 16 12 24 19 2 9 21 12 28 8 5 7 0 12 19 3 4 4 4 12 0 12 7 19 19 0 12 12 9 16 7 9 4 5 9 12 24 5 9 33 12 16 4 7 7 7 3 16 19 19 16 4 2 14 7 5 12 7 7 2 2 16 19 12 9 7 16 9 7 12 7 19 12 4 16 7 0 5 4 9 5 4 0 8 8 8 24 19 3 9 12 5 9 16 7 5 12 7 0 9 28 24 5 7 12 8 3 0 3 16 12 
7 7 14 5 12 16 3 17 12 12 24 8 3 7 12 12 7 7 4 0 4 12 16 9 19 12 0 12 0 12 12 7 19 16 9 9 16 12 24 19 2 9 21 12 28 8 5 7 0 12 19 3 4 4 4 12 0 12 7 19 19 0 12 12 9 16 7 9 4 5 9 12 24 5 9 33 12 16 4 7 7 7 3 16 19 19 16 4 2 14 7 5 12 7 7 2 2 16 19 12 9 7 16 9 7 12 7 19 12 4 16 7 0 5 4 9 5 4 0 8 8 8 24 19 3 9 12 5 9 16 7 5 12 7 0 9 28 24 5 7 12 8 3 0 3 16 12 0 7 19 16 4 
17 12 12 24 8 3 7 12 12 7 7 4 0 4 12 16 9 19 12 0 12 0 12 12 7 19 16 9 9 16 12 24 19 2 9 21 12 28 8 5 7 0 12 19 3 4 4 4 12 0 12 7 19 19 0 12 12 9 16 7 9 4 5 9 12 24 5 9 33 12 16 4 7 7 7 3 16 19 19 16 4 2 14 7 5 12 7 7 2 2 16 19 12 9 7 16 9 7 12 7 19 12 4 16 7 0 5 4 9 5 4 0 8 8 8 24 19 3 9 12 5 9 16 7 5 12 7 0 9 28 24 5 7 12 8 3 0 3 16 12 0 7 19 16 4 12 7 9 4 12 
3 7 12 12 7 7 4 0 4 12 16 9 12 0 12 0 12 12 7 19 16 9 9 16 12 24 19 2 9 21 12 28 8 5 7 0 12 19 3 4 4 4 12 0 12 7 19 19 0 12 12 9 16 7 9 4 5 9 12 24 5 9 33 12 16 4 7 7 7 3 16 19 19 16 4 2 14 7 5 12 7 7 2 2 16 19 12 9 7 16 9 7 12 7 19 12 4 16 7 0 5 4 9 5 4 0 8 8 8 24 19 3 9 12 5 9 16 7 5 12 7 0 9 28 24 5 7 12 8 3 0 3 16 12 0 7 19 16 4 12 7 9 4 12 12 5 5 5 12 
7 4 0 4 12 16 9 12 0 12 0 12 12 7 19 16 9 9 16 12 24 19 2 9 21 12 28 8 5 7 0 12 19 3 4 4 4 12 0 12 7 19 19 0 12 12 9 16 7 9 4 5 9 12 24 5 9 33 12 16 4 7 7 7 3 16 19 19 16 4 2 14 7 5 12 7 7 2 2 16 19 12 9 7 16 9 7 12 7 19 12 4 16 7 0 5 4 9 5 4 0 8 8 8 24 19 3 9 12 5 9 16 7 5 12 7 0 9 28 24 5 7 12 8 3 0 3 16 12 0 7 19 16 4 12 7 9 4 12 12 5 5 5 12 12 5 5 4 16 
16 9 0 12 0 12 12 7 19 16 9 9 16 12 24 19 2 9 21 12 28 8 5 7 0 12 19 3 4 4 4 12 0 12 7 19 19 0 12 12 9 16 7 9 4 5 9 12 24 5 9 33 12 16 4 7 7 7 3 16 19 19 16 4 2 14 7 5 12 7 7 2 2 16 19 12 9 7 16 9 7 12 7 19 12 4 16 7 0 5 4 9 5 4 0 8 8 8 24 19 3 9 12 5 9 16 7 5 12 7 0 9 28 24 5 7 12 8 3 0 3 16 12 0 7 19 16 4 12 7 9 4 12 12 5 5 5 12 12 5 5 4 16 12 4 16 
12 0 12 12 7 19 16 9 9 16 12 19 2 9 21 12 28 8 5 7 0 12 19 3 4 4 4 12 0 12 7 19 19 0 12 12 9 16 7 9 4 5 9 12 24 5 9 33 12 16 4 7 7 7 3 16 19 19 16 4 2 14 7 5 12 7 7 2 2 16 19 12 9 7 16 9 7 12 7 19 12 4 16 7 0 5 4 9 5 4 0 8 8 8 24 19 3 9 12 5 9 16 7 5 12 7 0 9 28 24 5 7 12 8 3 0 3 16 12 0 7 19 16 4 12 7 9 4 12 12 5 5 5 12 12 5 5 4 16 12 4 16 12 7 19 
16 9 9 16 12 19 2 9 21 12 28 8 5 7 0 12 19 3 4 4 4 12 0 12 7 19 19 0 12 12 9 16 7 9 4 5 9 12 24 5 9 33 12 16 4 7 7 7 3 16 19 19 16 4 2 14 7 5 12 7 7 2 2 16 19 12 9 7 16 9 7 12 7 19 12 4 16 7 0 5 4 9 5 4 0 8 8 8 24 19 3 9 12 5 9 16 7 5 12 7 0 9 28 24 5 7 12 8 3 0 3 16 12 0 7 19 16 4 12 7 9 4 12 12 5 5 5 12 12 5 5 4 16 12 4 16 12 7 19 7 5 12 16 9 12 
2 9 21 12 28 8 5 7 0 12 19 3 4 4 4 12 0 12 7 19 19 0 12 12 9 16 7 9 4 5 9 12 24 5 9 33 12 16 4 7 7 7 3 16 19 19 16 4 2 14 7 5 12 7 7 2 2 16 19 12 9 7 16 9 7 12 7 19 12 4 16 7 0 5 4 9 5 4 0 8 8 8 24 19 3 9 12 5 9 16 7 5 12 7 0 9 28 24 5 7 12 8 3 0 3 16 12 0 7 19 16 4 12 7 9 4 12 12 5 5 5 12 12 5 5 4 16 12 4 16 12 7 19 7 5 12 16 9 12 7 12 7 9 7 
5 7 0 12 19 3 4 4 4 12 0 12 7 19 19 0 12 12 9 16 7 9 4 5 9 12 24 5 9 33 12 16 4 7 7 7 3 16 19 19 16 4 2 14 7 5 12 7 7 2 2 16 19 12 9 7 16 9 7 12 7 19 12 4 16 7 0 5 4 9 5 4 0 8 8 8 24 19 3 9 12 5 9 16 7 5 12 7 0 9 28 24 5 7 12 8 3 0 3 16 12 0 7 19 16 4 12 7 9 4 12 12 5 5 5 12 12 5 5 4 16 12 4 16 12 7 19 7 5 12 16 9 12 7 12 7 9 7 12 5 7 7 5 9 9 5 0 4 9 
3 4 4 4 0 12 7 19 19 0 12 12 9 16 7 9 4 5 9 12 24 5 9 33 12 16 4 7 7 7 3 16 19 19 16 4 2 14 7 5 12 7 7 2 2 16 19 12 9 7 16 9 7 12 7 19 12 4 16 7 0 5 4 9 5 4 0 8 8 8 24 19 3 9 12 5 9 16 7 5 12 7 0 9 28 24 5 7 12 8 3 0 3 16 12 0 7 19 16 4 12 7 9 4 12 12 5 5 5 12 12 5 5 4 16 12 4 16 12 7 19 7 5 12 16 9 12 7 12 7 9 7 12 5 7 7 5 9 9 5 0 4 9 3 3 7 7 3 4 12 
19 19 0 12 12 9 16 7 9 4 5 9 12 24 5 9 33 12 16 4 7 7 7 3 16 19 19 16 4 2 14 7 5 12 7 7 2 2 16 19 12 9 7 16 9 7 12 7 19 12 4 16 7 0 5 4 9 5 4 0 8 8 8 24 19 3 9 12 5 9 16 7 5 12 7 0 9 28 24 5 7 12 8 3 0 3 16 12 0 7 19 16 4 12 7 9 4 12 12 5 5 5 12 12 5 5 4 16 12 4 16 12 7 19 7 5 12 16 9 12 7 12 7 9 7 12 5 7 7 5 9 9 5 0 4 9 3 3 7 7 3 4 12 12 5 9 42 8 2 7 1 
19 0 12 12 9 16 7 9 4 5 9 12 24 5 9 33 12 16 4 7 7 7 3 16 19 19 16 4 2 14 7 5 12 7 7 2 2 16 19 12 9 7 16 9 7 12 7 19 12 4 16 7 0 5 4 9 5 4 0 8 8 8 24 19 3 9 12 5 9 16 7 5 12 7 0 9 28 24 5 7 12 8 3 0 3 16 12 0 7 19 16 4 12 7 9 4 12 12 5 5 5 12 12 5 5 4 16 12 4 16 12 7 19 7 5 12 16 9 12 7 12 7 9 7 12 5 7 7 5 9 9 5 0 4 9 3 3 7 7 3 4 12 12 5 9 42 8 2 7 1 
7 9 4 5 9 12 24 5 9 33 12 16 4 7 7 7 3 16 19 19 16 4 2 14 7 5 12 7 7 2 2 16 19 12 9 7 16 9 7 12 7 19 12 4 16 7 0 5 4 9 5 4 0 8 8 8 24 19 3 9 12 5 9 16 7 5 12 7 0 9 28 24 5 7 12 8 3 0 3 16 12 0 7 19 16 4 12 7 9 4 12 12 5 5 5 12 12 5 5 4 16 12 4 16 12 7 19 7 5 12 16 9 12 7 12 7 9 7 12 5 7 7 5 9 9 5 0 4 9 3 3 7 7 3 4 12 12 5 9 42 8 2 7 1 34 24 19 9 40 
33 12 16 4 7 7 7 3 16 19 19 16 4 2 14 7 5 12 7 7 2 2 16 19 12 9 7 16 9 7 12 7 19 12 4 16 7 0 5 4 9 5 4 0 8 8 8 24 19 3 9 12 5 9 16 7 5 12 7 0 9 28 24 5 7 12 8 3 0 3 16 12 0 7 19 16 4 12 7 9 4 12 12 5 5 5 12 12 5 5 4 16 12 4 16 12 7 19 7 5 12 16 9 12 7 12 7 9 7 12 5 7 7 5 9 9 5 0 4 9 3 3 7 7 3 4 12 12 5 9 42 8 2 7 1 34 24 19 9 40 48 31 35 
33 12 16 4 7 7 7 3 16 19 19 16 4 2 14 7 5 12 7 7 2 2 16 19 12 9 7 16 9 7 12 7 19 12 4 16 7 0 5 4 9 5 4 0 8 8 8 24 19 3 9 12 5 9 16 7 5 12 7 0 9 28 24 5 7 12 8 3 0 3 16 12 0 7 19 16 4 12 7 9 4 12 12 5 5 5 12 12 5 5 4 16 12 4 16 12 7 19 7 5 12 16 9 12 7 12 7 9 7 12 5 7 7 5 9 9 5 0 4 9 3 3 7 7 3 4 12 12 5 9 42 8 2 7 1 34 24 19 9 40 48 31 35 23 5 9 16 7 
19 19 16 4 2 14 7 5 12 7 7 2 2 19 12 9 7 16 9 7 12 7 19 12 4 16 7 0 5 4 9 5 4 0 8 8 8 24 19 3 9 12 5 9 16 7 5 12 7 0 9 28 24 5 7 12 8 3 0 3 16 12 0 7 19 16 4 12 7 9 4 12 12 5 5 5 12 12 5 5 4 16 12 4 16 12 7 19 7 5 12 16 9 12 7 12 7 9 7 12 5 7 7 5 9 9 5 0 4 9 3 3 7 7 3 4 12 12 5 9 42 8 2 7 1 34 24 19 9 40 48 31 35 23 5 9 16 7 7 12 4 9 24 14 19 24 12 12 
19 16 4 2 14 7 5 12 7 7 2 2 19 12 9 7 16 9 7 12 7 19 12 4 16 7 0 5 4 9 5 4 0 8 8 8 24 19 3 9 12 5 9 16 7 5 12 7 0 9 28 24 5 7 12 8 3 0 3 16 12 0 7 19 16 4 12 7 9 4 12 12 5 5 5 12 12 5 5 4 16 12 4 16 12 7 19 7 5 12 16 9 12 7 12 7 9 7 12 5 7 7 5 9 9 5 0 4 9 3 3 7 7 3 4 12 12 5 9 42 8 2 7 1 34 24 19 9 40 48 31 35 23 5 9 16 7 7 12 4 9 24 14 19 24 12 12 12 11 3 
7 5 12 7 7 2 2 19 12 9 7 16 9 7 12 7 19 12 4 16 7 0 5 4 9 5 4 0 8 8 8 24 19 3 9 12 5 9 16 7 5 12 7 0 9 28 24 5 7 12 8 3 0 3 16 12 0 7 19 16 4 12 7 9 4 12 12 5 5 5 12 12 5 5 4 16 12 4 16 12 7 19 7 5 12 16 9 12 7 12 7 9 7 12 5 7 7 5 9 9 5 0 4 9 3 3 7 7 3 4 12 12 5 9 42 8 2 7 1 34 24 19 9 40 48 31 35 23 5 9 16 7 7 12 4 9 24 14 19 24 12 12 12 11 3 0 3 8 
2 2 19 12 9 7 16 9 7 12 7 19 12 4 16 7 0 5 4 9 5 4 0 8 8 8 24 19 3 9 12 5 9 16 7 5 12 7 0 9 28 24 5 7 12 8 3 0 3 16 12 0 7 19 16 4 12 7 9 4 12 12 5 5 5 12 12 5 5 4 16 12 4 16 12 7 19 7 5 12 16 9 12 7 12 7 9 7 12 5 7 7 5 9 9 5 0 4 9 3 3 7 7 3 4 12 12 5 9 42 8 2 7 1 34 24 19 9 40 48 31 35 23 5 9 16 7 7 12 4 9 24 14 19 24 12 12 12 11 3 0 3 8 12 4 8 8 4 5 17 19 
16 9 7 12 7 19 12 4 16 7 0 5 4 9 5 4 0 8 8 8 24 19 3 9 12 5 9 16 7 5 12 7 0 9 28 24 5 7 12 8 3 0 3 16 12 0 7 19 16 4 12 7 9 4 12 12 5 5 5 12 12 5 5 4 16 12 4 16 12 7 19 7 5 12 16 9 12 7 12 7 9 7 12 5 7 7 5 9 9 5 0 4 9 3 3 7 7 3 4 12 12 5 9 42 8 2 7 1 34 24 19 9 40 48 31 35 23 5 9 16 7 7 12 4 9 24 14 19 24 12 12 12 11 3 0 3 8 12 4 8 8 4 5 17 19 14 7 5 4 
7 12 7 19 12 4 16 7 0 5 4 9 5 4 0 8 8 8 24 19 3 9 12 5 9 16 7 5 12 7 0 9 28 24 5 7 12 8 3 0 3 16 12 0 7 19 16 4 12 7 9 4 12 12 5 5 5 12 12 5 5 4 16 12 4 16 12 7 19 7 5 12 16 9 12 7 12 7 9 7 12 5 7 7 5 9 9 5 0 4 9 3 3 7 7 3 4 12 12 5 9 42 8 2 7 1 34 24 19 9 40 48 31 35 23 5 9 16 7 7 12 4 9 24 14 19 24 12 12 12 11 3 0 3 8 12 4 8 8 4 5 17 19 14 7 5 4 9 7 31 
7 12 4 16 7 0 5 4 9 5 4 0 8 8 8 24 19 3 9 12 5 9 16 7 5 12 7 0 9 28 24 5 7 12 8 3 0 3 16 12 0 7 19 16 4 12 7 9 4 12 12 5 5 5 12 12 5 5 4 16 12 4 16 12 7 19 7 5 12 16 9 12 7 12 7 9 7 12 5 7 7 5 9 9 5 0 4 9 3 3 7 7 3 4 12 12 5 9 42 8 2 7 1 34 24 19 9 40 48 31 35 23 5 9 16 7 7 12 4 9 24 14 19 24 12 12 12 11 3 0 3 8 12 4 8 8 4 5 17 19 14 7 5 4 9 7 31 15 4 5 28 1 5 31 7 21 16 4 9 26 33 
7 0 5 4 9 5 4 0 8 8 8 24 19 3 9 12 5 9 16 7 5 12 7 0 9 28 24 5 7 12 8 3 0 3 16 12 0 7 19 16 4 12 7 9 4 12 12 5 5 5 12 12 5 5 4 16 12 4 16 12 7 19 7 5 12 16 9 12 7 12 7 9 7 12 5 7 7 5 9 9 5 0 4 9 3 3 7 7 3 4 12 12 5 9 42 8 2 7 1 34 24 19 9 40 48 31 35 23 5 9 16 7 7 12 4 9 24 14 19 24 12 12 12 11 3 0 3 8 12 4 8 8 4 5 17 19 14 7 5 4 9 7 31 15 4 5 28 1 5 31 7 21 16 4 9 26 33 11 3 5 
9 5 4 0 8 8 8 19 3 9 12 5 9 16 7 5 12 7 0 9 28 24 5 7 12 8 3 0 3 16 12 0 7 19 16 4 12 7 9 4 12 12 5 5 5 12 12 5 5 4 16 12 4 16 12 7 19 7 5 12 16 9 12 7 12 7 9 7 12 5 7 7 5 9 9 5 0 4 9 3 3 7 7 3 4 12 12 5 9 42 8 2 7 1 34 24 19 9 40 48 31 35 23 5 9 16 7 7 12 4 9 24 14 19 24 12 12 12 11 3 0 3 8 12 4 8 8 4 5 17 19 14 7 5 4 9 7 31 15 4 5 28 1 5 31 7 21 16 4 9 26 33 11 3 5 12 20 3 7 12 0 
19 3 9 12 5 9 16 7 5 12 7 0 9 28 24 5 7 12 8 3 0 3 16 12 0 7 19 16 4 12 7 9 4 12 12 5 5 5 12 12 5 5 4 16 12 4 16 12 7 19 7 5 12 16 9 12 7 12 7 9 7 12 5 7 7 5 9 9 5 0 4 9 3 3 7 7 3 4 12 12 5 9 42 8 2 7 1 34 24 19 9 40 48 31 35 23 5 9 16 7 7 12 4 9 24 14 19 24 12 12 12 11 3 0 3 8 12 4 8 8 4 5 17 19 14 7 5 4 9 7 31 15 4 5 28 1 5 31 7 21 16 4 9 26 33 11 3 5 12 20 3 7 12 0 0 12 12 7 19 16 28 12 
16 7 5 12 7 0 9 24 5 7 12 8 3 0 3 16 12 0 7 19 16 4 12 7 9 4 12 12 5 5 5 12 12 5 5 4 16 12 4 16 12 7 19 7 5 12 16 9 12 7 12 7 9 7 12 5 7 7 5 9 9 5 0 4 9 3 3 7 7 3 4 12 12 5 9 42 8 2 7 1 34 24 19 9 40 48 31 35 23 5 9 16 7 7 12 4 9 24 14 19 24 12 12 12 11 3 0 3 8 12 4 8 8 4 5 17 19 14 7 5 4 9 7 31 15 4 5 28 1 5 31 7 21 16 4 9 26 33 11 3 5 12 20 3 7 12 0 0 12 12 7 19 16 28 12 24 4 11 5 3 20 
12 7 0 9 24 5 7 12 8 3 0 3 16 12 0 7 19 16 4 12 7 9 4 12 12 5 5 5 12 12 5 5 4 16 12 4 16 12 7 19 7 5 12 16 9 12 7 12 7 9 7 12 5 7 7 5 9 9 5 0 4 9 3 3 7 7 3 4 12 12 5 9 42 8 2 7 1 34 24 19 9 40 48 31 35 23 5 9 16 7 7 12 4 9 24 14 19 24 12 12 12 11 3 0 3 8 12 4 8 8 4 5 17 19 14 7 5 4 9 7 31 15 4 5 28 1 5 31 7 21 16 4 9 26 33 11 3 5 12 20 3 7 12 0 0 12 12 7 19 16 28 12 24 4 11 5 3 20 24 7 3 4 12 0 19 3 
24 5 12 8 3 0 3 16 12 0 7 19 16 4 12 7 9 4 12 12 5 5 5 12 12 5 5 4 16 12 4 16 12 7 19 7 5 12 16 9 12 7 12 7 9 7 12 5 7 7 5 9 9 5 0 4 9 3 3 7 7 3 4 12 12 5 9 42 8 2 7 1 34 24 19 9 40 48 31 35 23 5 9 16 7 7 12 4 9 24 14 19 24 12 12 12 11 3 0 3 8 12 4 8 8 4 5 17 19 14 7 5 4 9 7 31 15 4 5 28 1 5 31 7 21 16 4 9 26 33 11 3 5 12 20 3 7 12 0 0 12 12 7 19 16 28 12 24 4 11 5 3 20 24 7 3 4 12 0 19 3 15 15 4 12 
0 3 12 0 7 19 16 4 12 7 9 4 12 12 5 5 5 12 12 5 5 4 16 12 4 16 12 7 19 7 5 12 16 9 12 7 12 7 9 7 12 5 7 7 5 9 9 5 0 4 9 3 3 7 7 3 4 12 12 5 9 42 8 2 7 1 34 24 19 9 40 48 31 35 23 5 9 16 7 7 12 4 9 24 14 19 24 12 12 12 11 3 0 3 8 12 4 8 8 4 5 17 19 14 7 5 4 9 7 31 15 4 5 28 1 5 31 7 21 16 4 9 26 33 11 3 5 12 20 3 7 12 0 0 12 12 7 19 16 28 12 24 4 11 5 3 20 24 7 3 4 12 0 19 3 15 15 4 12 19 8 3 
19 16 4 12 7 9 4 12 12 5 5 5 12 12 5 5 4 16 12 4 16 12 7 19 7 5 12 16 9 12 7 12 7 9 7 12 5 7 7 5 9 9 5 0 4 9 3 3 7 7 3 4 12 12 5 9 42 8 2 7 1 34 24 19 9 40 48 31 35 23 5 9 16 7 7 12 4 9 24 14 19 24 12 12 12 11 3 0 3 8 12 4 8 8 4 5 17 19 14 7 5 4 9 7 31 15 4 5 28 1 5 31 7 21 16 4 9 26 33 11 3 5 12 20 3 7 12 0 0 12 12 7 19 16 28 12 24 4 11 5 3 20 24 7 3 4 12 0 19 3 15 15 4 12 19 8 3 3 8 5 7 4 
12 12 5 5 5 12 12 5 5 4 16 12 4 16 12 7 19 7 5 12 16 9 12 7 12 7 9 7 12 5 7 7 5 9 9 5 0 4 9 3 3 7 7 3 4 12 12 5 9 42 8 2 7 1 34 24 19 9 40 48 31 35 23 5 9 16 7 7 12 4 9 24 14 19 24 12 12 12 11 3 0 3 8 12 4 8 8 4 5 17 19 14 7 5 4 9 7 31 15 4 5 28 1 5 31 7 21 16 4 9 26 33 11 3 5 12 20 3 7 12 0 0 12 12 7 19 16 28 12 24 4 11 5 3 20 24 7 3 4 12 0 19 3 15 15 4 12 19 8 3 3 8 5 7 4 0 8 12 5 17 19 
5 5 12 5 5 4 16 12 4 16 12 7 19 7 5 12 16 9 12 7 12 7 9 7 12 5 7 7 5 9 9 5 0 4 9 3 3 7 7 3 4 12 12 5 9 42 8 2 7 1 34 24 19 9 40 48 31 35 23 5 9 16 7 7 12 4 9 24 14 19 24 12 12 12 11 3 0 3 8 12 4 8 8 4 5 17 19 14 7 5 4 9 7 31 15 4 5 28 1 5 31 7 21 16 4 9 26 33 11 3 5 12 20 3 7 12 0 0 12 12 7 19 16 28 12 24 4 11 5 3 20 24 7 3 4 12 0 19 3 15 15 4 12 19 8 3 3 8 5 7 4 0 8 12 5 17 19 17 4 19 4 24 29 
5 4 16 12 4 16 12 7 19 7 5 12 16 9 12 7 12 7 9 7 12 5 7 7 5 9 9 5 0 4 9 3 3 7 7 3 4 12 12 5 9 42 8 2 7 1 34 24 19 9 40 48 31 35 23 5 9 16 7 7 12 4 9 24 14 19 24 12 12 12 11 3 0 3 8 12 4 8 8 4 5 17 19 14 7 5 4 9 7 31 15 4 5 28 1 5 31 7 21 16 4 9 26 33 11 3 5 12 20 3 7 12 0 0 12 12 7 19 16 28 12 24 4 11 5 3 20 24 7 3 4 12 0 19 3 15 15 4 12 19 8 3 3 8 5 7 4 0 8 12 5 17 19 17 4 19 4 24 29 0 9 4 19 24 4 11 
16 12 7 19 7 5 12 16 9 12 7 12 7 9 7 12 5 7 7 5 9 9 5 0 4 9 3 3 7 7 3 4 12 12 5 9 42 8 2 7 1 34 24 19 9 40 48 31 35 23 5 9 16 7 7 12 4 9 24 14 19 24 12 12 12 11 3 0 3 8 12 4 8 8 4 5 17 19 14 7 5 4 9 7 31 15 4 5 28 1 5 31 7 21 16 4 9 26 33 11 3 5 12 20 3 7 12 0 0 12 12 7 19 16 28 12 24 4 11 5 3 20 24 7 3 4 12 0 19 3 15 15 4 12 19 8 3 3 8 5 7 4 0 8 12 5 17 19 17 4 19 4 24 29 0 9 4 19 24 4 11 12 12 5 12 16 26 19 5 4 
7 5 12 16 9 12 7 12 7 9 7 12 5 7 7 5 9 9 5 0 4 9 3 3 7 7 3 4 12 12 5 9 42 8 2 7 1 34 24 19 9 40 48 31 35 23 5 9 16 7 7 12 4 9 24 14 19 24 12 12 12 11 3 0 3 8 12 4 8 8 4 5 17 19 14 7 5 4 9 7 31 15 4 5 28 1 5 31 7 21 16 4 9 26 33 11 3 5 12 20 3 7 12 0 0 12 12 7 19 16 28 12 24 4 11 5 3 20 24 7 3 4 12 0 19 3 15 15 4 12 19 8 3 3 8 5 7 4 0 8 12 5 17 19 17 4 19 4 24 29 0 9 4 19 24 4 11 12 12 5 12 16 26 19 5 4 0 8 5 
9 12 7 12 7 9 7 12 5 7 7 5 9 9 5 0 4 9 3 3 7 7 3 4 12 12 5 9 42 8 2 7 1 34 24 19 9 40 48 31 35 23 5 9 16 7 7 12 4 9 24 14 19 24 12 12 12 11 3 0 3 8 12 4 8 8 4 5 17 19 14 7 5 4 9 7 31 15 4 5 28 1 5 31 7 21 16 4 9 26 33 11 3 5 12 20 3 7 12 0 0 12 12 7 19 16 28 12 24 4 11 5 3 20 24 7 3 4 12 0 19 3 15 15 4 12 19 8 3 3 8 5 7 4 0 8 12 5 17 19 17 4 19 4 24 29 0 9 4 19 24 4 11 12 12 5 12 16 26 19 5 4 0 8 5 7 4 0 3 5 12 2 
7 9 7 12 5 7 7 5 9 9 5 0 4 9 3 3 7 7 3 4 12 12 5 9 42 8 2 7 1 34 24 19 9 40 48 31 35 23 5 9 16 7 7 12 4 9 24 14 19 24 12 12 12 11 3 0 3 8 12 4 8 8 4 5 17 19 14 7 5 4 9 7 31 15 4 5 28 1 5 31 7 21 16 4 9 26 33 11 3 5 12 20 3 7 12 0 0 12 12 7 19 16 28 12 24 4 11 5 3 20 24 7 3 4 12 0 19 3 15 15 4 12 19 8 3 3 8 5 7 4 0 8 12 5 17 19 17 4 19 4 24 29 0 9 4 19 24 4 11 12 12 5 12 16 26 19 5 4 0 8 5 7 4 0 3 5 12 2 0 4 12 5 3 
7 7 5 9 9 5 0 4 9 3 3 7 7 3 4 12 5 9 42 8 2 7 1 34 24 19 9 40 48 31 35 23 5 9 16 7 7 12 4 9 24 14 19 24 12 12 12 11 3 0 3 8 12 4 8 8 4 5 17 19 14 7 5 4 9 7 31 15 4 5 28 1 5 31 7 21 16 4 9 26 33 11 3 5 12 20 3 7 12 0 0 12 12 7 19 16 28 12 24 4 11 5 3 20 24 7 3 4 12 0 19 3 15 15 4 12 19 8 3 3 8 5 7 4 0 8 12 5 17 19 17 4 19 4 24 29 0 9 4 19 24 4 11 12 12 5 12 16 26 19 5 4 0 8 5 7 4 0 3 5 12 2 0 4 12 5 3 2 7 16 4 5 
3 3 7 7 3 4 12 5 9 42 8 2 7 1 34 24 19 9 40 48 31 35 23 5 9 16 7 7 12 4 9 24 14 19 24 12 12 12 11 3 0 3 8 12 4 8 8 4 5 17 19 14 7 5 4 9 7 31 15 4 5 28 1 5 31 7 21 16 4 9 26 33 11 3 5 12 20 3 7 12 0 0 12 12 7 19 16 28 12 24 4 11 5 3 20 24 7 3 4 12 0 19 3 15 15 4 12 19 8 3 3 8 5 7 4 0 8 12 5 17 19 17 4 19 4 24 29 0 9 4 19 24 4 11 12 12 5 12 16 26 19 5 4 0 8 5 7 4 0 3 5 12 2 0 4 12 5 3 2 7 16 4 5 0 5 4 16 7 10 10 5 12 
12 5 9 42 8 2 7 1 34 24 19 9 40 48 31 35 23 5 9 16 7 7 12 4 9 24 14 19 24 12 12 12 11 3 0 3 8 12 4 8 8 4 5 17 19 14 7 5 4 9 7 31 15 4 5 28 1 5 31 7 21 16 4 9 26 33 11 3 5 12 20 3 7 12 0 0 12 12 7 19 16 28 12 24 4 11 5 3 20 24 7 3 4 12 0 19 3 15 15 4 12 19 8 3 3 8 5 7 4 0 8 12 5 17 19 17 4 19 4 24 29 0 9 4 19 24 4 11 12 12 5 12 16 26 19 5 4 0 8 5 7 4 0 3 5 12 2 0 4 12 5 3 2 7 16 4 5 0 5 4 16 7 10 10 5 12 12 5 9 9 7 14 12 19 5 
48 31 35 23 5 9 16 7 7 12 4 9 24 14 19 24 12 12 12 11 3 0 3 8 12 4 8 8 4 5 17 19 14 7 5 4 9 7 31 15 4 5 28 1 5 31 7 21 16 4 9 26 33 11 3 5 12 20 3 7 12 0 0 12 12 7 19 16 28 12 24 4 11 5 3 20 24 7 3 4 12 0 19 3 15 15 4 12 19 8 3 3 8 5 7 4 0 8 12 5 17 19 17 4 19 4 24 29 0 9 4 19 24 4 11 12 12 5 12 16 26 19 5 4 0 8 5 7 4 0 3 5 12 2 0 4 12 5 3 2 7 16 4 5 0 5 4 16 7 10 10 5 12 12 5 9 9 7 14 12 19 5 5 4 3 19 12 
48 31 35 23 5 9 16 7 7 12 4 9 24 14 19 24 12 12 12 11 3 0 3 8 12 4 8 8 4 5 17 19 14 7 5 4 9 7 31 15 4 5 28 1 5 31 7 21 16 4 9 26 33 11 3 5 12 20 3 7 12 0 0 12 12 7 19 16 28 12 24 4 11 5 3 20 24 7 3 4 12 0 19 3 15 15 4 12 19 8 3 3 8 5 7 4 0 8 12 5 17 19 17 4 19 4 24 29 0 9 4 19 24 4 11 12 12 5 12 16 26 19 5 4 0 8 5 7 4 0 3 5 12 2 0 4 12 5 3 2 7 16 4 5 0 5 4 16 7 10 10 5 12 12 5 9 9 7 14 12 19 5 5 4 3 19 12 12 19 3 0 4 7 
48 31 35 23 5 9 16 7 7 12 4 9 24 14 19 24 12 12 12 11 3 0 3 8 12 4 8 8 4 5 17 19 14 7 5 4 9 7 31 15 4 5 28 1 5 31 7 21 16 4 9 26 33 11 3 5 12 20 3 7 12 0 0 12 12 7 19 16 28 12 24 4 11 5 3 20 24 7 3 4 12 0 19 3 15 15 4 12 19 8 3 3 8 5 7 4 0 8 12 5 17 19 17 4 19 4 24 29 0 9 4 19 24 4 11 12 12 5 12 16 26 19 5 4 0 8 5 7 4 0 3 5 12 2 0 4 12 5 3 2 7 16 4 5 0 5 4 16 7 10 10 5 12 12 5 9 9 7 14 12 19 5 5 4 3 19 12 12 19 3 0 4 7 3 4 9 15 36 19 7 28 
7 7 12 4 9 14 24 12 12 12 11 3 0 3 8 12 4 8 8 4 5 17 19 14 7 5 4 9 7 31 15 4 5 28 1 5 31 7 21 16 4 9 26 33 11 3 5 12 20 3 7 12 0 0 12 12 7 19 16 28 12 24 4 11 5 3 20 24 7 3 4 12 0 19 3 15 15 4 12 19 8 3 3 8 5 7 4 0 8 12 5 17 19 17 4 19 4 24 29 0 9 4 19 24 4 11 12 12 5 12 16 26 19 5 4 0 8 5 7 4 0 3 5 12 2 0 4 12 5 3 2 7 16 4 5 0 5 4 16 7 10 10 5 12 12 5 9 9 7 14 12 19 5 5 4 3 19 12 12 19 3 0 4 7 3 4 9 15 36 19 7 28 1 5 19 5 12 16 17 21 
9 14 24 12 12 12 11 3 0 3 8 12 4 8 8 4 5 17 19 14 7 5 4 9 7 31 15 4 5 28 1 5 31 7 21 16 4 9 26 33 11 3 5 12 20 3 7 12 0 0 12 12 7 19 16 28 12 24 4 11 5 3 20 24 7 3 4 12 0 19 3 15 15 4 12 19 8 3 3 8 5 7 4 0 8 12 5 17 19 17 4 19 4 24 29 0 9 4 19 24 4 11 12 12 5 12 16 26 19 5 4 0 8 5 7 4 0 3 5 12 2 0 4 12 5 3 2 7 16 4 5 0 5 4 16 7 10 10 5 12 12 5 9 9 7 14 12 19 5 5 4 3 19 12 12 19 3 0 4 7 3 4 9 15 36 19 7 28 1 5 19 5 12 16 17 21 26 21 5 3 
11 3 0 3 8 12 4 8 8 4 5 17 19 14 7 5 4 9 7 31 15 4 5 28 1 5 31 7 21 16 4 9 26 33 11 3 5 12 20 3 7 12 0 0 12 12 7 19 16 28 12 24 4 11 5 3 20 24 7 3 4 12 0 19 3 15 15 4 12 19 8 3 3 8 5 7 4 0 8 12 5 17 19 17 4 19 4 24 29 0 9 4 19 24 4 11 12 12 5 12 16 26 19 5 4 0 8 5 7 4 0 3 5 12 2 0 4 12 5 3 2 7 16 4 5 0 5 4 16 7 10 10 5 12 12 5 9 9 7 14 12 19 5 5 4 3 19 12 12 19 3 0 4 7 3 4 9 15 36 19 7 28 1 5 19 5 12 16 17 21 26 21 5 3 4 4 3 5 
0 3 8 4 8 8 4 5 19 14 7 5 4 9 7 31 15 4 5 28 1 5 31 7 21 16 4 9 26 33 11 3 5 12 20 3 7 12 0 0 12 12 7 19 16 28 12 24 4 11 5 3 20 24 7 3 4 12 0 19 3 15 15 4 12 19 8 3 3 8 5 7 4 0 8 12 5 17 19 17 4 19 4 24 29 0 9 4 19 24 4 11 12 12 5 12 16 26 19 5 4 0 8 5 7 4 0 3 5 12 2 0 4 12 5 3 2 7 16 4 5 0 5 4 16 7 10 10 5 12 12 5 9 9 7 14 12 19 5 5 4 3 19 12 12 19 3 0 4 7 3 4 9 15 36 19 7 28 1 5 19 5 12 16 17 21 26 21 5 3 4 4 3 5 12 12 5 3 16 
8 8 4 5 19 14 7 5 4 9 7 31 15 4 5 28 1 5 31 7 21 16 4 9 26 33 11 3 5 12 20 3 7 12 0 0 12 12 7 19 16 28 12 24 4 11 5 3 20 24 7 3 4 12 0 19 3 15 15 4 12 19 8 3 3 8 5 7 4 0 8 12 5 17 19 17 4 19 4 24 29 0 9 4 19 24 4 11 12 12 5 12 16 26 19 5 4 0 8 5 7 4 0 3 5 12 2 0 4 12 5 3 2 7 16 4 5 0 5 4 16 7 10 10 5 12 12 5 9 9 7 14 12 19 5 5 4 3 19 12 12 19 3 0 4 7 3 4 9 15 36 19 7 28 1 5 19 5 12 16 17 21 26 21 5 3 4 4 3 5 12 12 5 3 16 21 8 5 19 31 9 21 
14 7 5 4 9 7 31 15 4 5 28 1 5 31 7 21 16 4 9 26 33 11 3 5 12 20 3 7 12 0 0 12 12 7 19 16 28 12 24 4 11 5 3 20 24 7 3 4 12 0 19 3 15 15 4 12 19 8 3 3 8 5 7 4 0 8 12 5 17 19 17 4 19 4 24 29 0 9 4 19 24 4 11 12 12 5 12 16 26 19 5 4 0 8 5 7 4 0 3 5 12 2 0 4 12 5 3 2 7 16 4 5 0 5 4 16 7 10 10 5 12 12 5 9 9 7 14 12 19 5 5 4 3 19 12 12 19 3 0 4 7 3 4 9 15 36 19 7 28 1 5 19 5 12 16 17 21 26 21 5 3 4 4 3 5 12 12 5 3 16 21 8 5 19 31 9 21 28 9 5 
9 31 15 4 5 28 1 5 31 7 21 16 4 9 26 33 11 3 5 12 20 3 7 12 0 0 12 12 7 19 16 28 12 24 4 11 5 3 20 24 7 3 4 12 0 19 3 15 15 4 12 19 8 3 3 8 5 7 4 0 8 12 5 17 19 17 4 19 4 24 29 0 9 4 19 24 4 11 12 12 5 12 16 26 19 5 4 0 8 5 7 4 0 3 5 12 2 0 4 12 5 3 2 7 16 4 5 0 5 4 16 7 10 10 5 12 12 5 9 9 7 14 12 19 5 5 4 3 19 12 12 19 3 0 4 7 3 4 9 15 36 19 7 28 1 5 19 5 12 16 17 21 26 21 5 3 4 4 3 5 12 12 5 3 16 21 8 5 19 31 9 21 28 9 5 12 12 4 9 
1 5 31 7 21 16 4 9 26 33 11 3 5 12 20 3 7 12 0 0 12 12 7 19 16 28 12 24 4 11 5 3 20 24 7 3 4 12 0 19 3 15 15 4 12 19 8 3 3 8 5 7 4 0 8 12 5 17 19 17 4 19 4 24 29 0 9 4 19 24 4 11 12 12 5 12 16 26 19 5 4 0 8 5 7 4 0 3 5 12 2 0 4 12 5 3 2 7 16 4 5 0 5 4 16 7 10 10 5 12 12 5 9 9 7 14 12 19 5 5 4 3 19 12 12 19 3 0 4 7 3 4 9 15 36 19 7 28 1 5 19 5 12 16 17 21 26 21 5 3 4 4 3 5 12 12 5 3 16 21 8 5 19 31 9 21 28 9 5 12 12 4 9 0 7 12 4 28 19 
11 3 5 20 3 7 12 0 0 12 12 7 19 16 28 12 24 4 11 5 3 20 24 7 3 4 12 0 19 3 15 15 4 12 19 8 3 3 8 5 7 4 0 8 12 5 17 19 17 4 19 4 24 29 0 9 4 19 24 4 11 12 12 5 12 16 26 19 5 4 0 8 5 7 4 0 3 5 12 2 0 4 12 5 3 2 7 16 4 5 0 5 4 16 7 10 10 5 12 12 5 9 9 7 14 12 19 5 5 4 3 19 12 12 19 3 0 4 7 3 4 9 15 36 19 7 28 1 5 19 5 12 16 17 21 26 21 5 3 4 4 3 5 12 12 5 3 16 21 8 5 19 31 9 21 28 9 5 12 12 4 9 0 7 12 4 28 19 2 8 17 12 3 21 
20 3 12 0 0 12 12 7 19 16 12 24 4 11 5 3 20 24 7 3 4 12 0 19 3 15 15 4 12 19 8 3 3 8 5 7 4 0 8 12 5 17 19 17 4 19 4 24 29 0 9 4 19 24 4 11 12 12 5 12 16 26 19 5 4 0 8 5 7 4 0 3 5 12 2 0 4 12 5 3 2 7 16 4 5 0 5 4 16 7 10 10 5 12 12 5 9 9 7 14 12 19 5 5 4 3 19 12 12 19 3 0 4 7 3 4 9 15 36 19 7 28 1 5 19 5 12 16 17 21 26 21 5 3 4 4 3 5 12 12 5 3 16 21 8 5 19 31 9 21 28 9 5 12 12 4 9 0 7 12 4 28 19 2 8 17 12 3 21 19 5 4 16 
0 12 12 7 19 16 12 24 4 11 5 3 20 24 7 3 4 12 0 19 3 15 15 4 12 19 8 3 3 8 5 7 4 0 8 12 5 17 19 17 4 19 4 24 29 0 9 4 19 24 4 11 12 12 5 12 16 26 19 5 4 0 8 5 7 4 0 3 5 12 2 0 4 12 5 3 2 7 16 4 5 0 5 4 16 7 10 10 5 12 12 5 9 9 7 14 12 19 5 5 4 3 19 12 12 19 3 0 4 7 3 4 9 15 36 19 7 28 1 5 19 5 12 16 17 21 26 21 5 3 4 4 3 5 12 12 5 3 16 21 8 5 19 31 9 21 28 9 5 12 12 4 9 0 7 12 4 28 19 2 8 17 12 3 21 19 5 4 16 16 4 5 
24 4 20 24 7 3 4 0 19 3 15 15 4 12 19 8 3 3 8 5 7 4 0 8 12 5 17 19 17 4 19 4 24 29 0 9 4 19 24 4 11 12 12 5 12 16 26 19 5 4 0 8 5 7 4 0 3 5 12 2 0 4 12 5 3 2 7 16 4 5 0 5 4 16 7 10 10 5 12 12 5 9 9 7 14 12 19 5 5 4 3 19 12 12 19 3 0 4 7 3 4 9 15 36 19 7 28 1 5 19 5 12 16 17 21 26 21 5 3 4 4 3 5 12 12 5 3 16 21 8 5 19 31 9 21 28 9 5 12 12 4 9 0 7 12 4 28 19 2 8 17 12 3 21 19 5 4 16 16 4 5 0 5 4 16 7 
7 3 4 0 19 3 15 4 12 19 8 3 3 8 5 7 4 0 8 12 5 17 19 17 4 19 4 24 29 0 9 4 19 24 4 11 12 12 5 12 16 26 19 5 4 0 8 5 7 4 0 3 5 12 2 0 4 12 5 3 2 7 16 4 5 0 5 4 16 7 10 10 5 12 12 5 9 9 7 14 12 19 5 5 4 3 19 12 12 19 3 0 4 7 3 4 9 15 36 19 7 28 1 5 19 5 12 16 17 21 26 21 5 3 4 4 3 5 12 12 5 3 16 21 8 5 19 31 9 21 28 9 5 12 12 4 9 0 7 12 4 28 19 2 8 17 12 3 21 19 5 4 16 16 4 5 0 5 4 16 7 10 1 4 
15 4 12 19 8 3 3 8 5 7 4 0 8 12 5 17 19 17 4 19 4 24 29 0 9 4 19 24 4 11 12 12 5 12 16 26 19 5 4 0 8 5 7 4 0 3 5 12 2 0 4 12 5 3 2 7 16 4 5 0 5 4 16 7 10 10 5 12 12 5 9 9 7 14 12 19 5 5 4 3 19 12 12 19 3 0 4 7 3 4 9 15 36 19 7 28 1 5 19 5 12 16 17 21 26 21 5 3 4 4 3 5 12 12 5 3 16 21 8 5 19 31 9 21 28 9 5 12 12 4 9 0 7 12 4 28 19 2 8 17 12 3 21 19 5 4 16 16 4 5 0 5 4 16 7 10 1 4 24 26 14 7 5 
3 8 5 7 4 0 8 12 5 19 17 4 19 4 24 29 0 9 4 19 24 4 11 12 12 5 12 16 26 19 5 4 0 8 5 7 4 0 3 5 12 2 0 4 12 5 3 2 7 16 4 5 0 5 4 16 7 10 10 5 12 12 5 9 9 7 14 12 19 5 5 4 3 19 12 12 19 3 0 4 7 3 4 9 15 36 19 7 28 1 5 19 5 12 16 17 21 26 21 5 3 4 4 3 5 12 12 5 3 16 21 8 5 19 31 9 21 28 9 5 12 12 4 9 0 7 12 4 28 19 2 8 17 12 3 21 19 5 4 16 16 4 5 0 5 4 16 7 10 1 4 24 26 14 7 5 
4 0 8 12 5 19 17 4 19 4 24 29 0 9 4 19 24 4 11 12 12 5 12 16 26 19 5 4 0 8 5 7 4 0 3 5 12 2 0 4 12 5 3 2 7 16 4 5 0 5 4 16 7 10 10 5 12 12 5 9 9 7 14 12 19 5 5 4 3 19 12 12 19 3 0 4 7 3 4 9 15 36 19 7 28 1 5 19 5 12 16 17 21 26 21 5 3 4 4 3 5 12 12 5 3 16 21 8 5 19 31 9 21 28 9 5 12 12 4 9 0 7 12 4 28 19 2 8 17 12 3 21 19 5 4 16 16 4 5 0 5 4 16 7 10 1 4 24 26 14 7 5 
0 8 5 19 17 4 19 4 24 29 0 9 4 19 24 4 11 12 12 5 12 16 26 19 5 4 0 8 5 7 4 0 3 5 12 2 0 4 12 5 3 2 7 16 4 5 0 5 4 16 7 10 10 5 12 12 5 9 9 7 14 12 19 5 5 4 3 19 12 12 19 3 0 4 7 3 4 9 15 36 19 7 28 1 5 19 5 12 16 17 21 26 21 5 3 4 4 3 5 12 12 5 3 16 21 8 5 19 31 9 21 28 9 5 12 12 4 9 0 7 12 4 28 19 2 8 17 12 3 21 19 5 4 16 16 4 5 0 5 4 16 7 10 1 4 24 26 14 7 5 
4 24 0 9 4 19 24 4 12 12 5 12 16 26 19 5 4 0 8 5 7 4 0 3 5 12 2 0 4 12 5 3 2 7 16 4 5 0 5 4 16 7 10 10 5 12 12 5 9 9 7 14 12 19 5 5 4 3 19 12 12 19 3 0 4 7 3 4 9 15 36 19 7 28 1 5 19 5 12 16 17 21 26 21 5 3 4 4 3 5 12 12 5 3 16 21 8 5 19 31 9 21 28 9 5 12 12 4 9 0 7 12 4 28 19 2 8 17 12 3 21 19 5 4 16 16 4 5 0 5 4 16 7 10 1 4 24 26 14 7 5 
24 4 12 12 5 12 16 26 19 5 4 0 8 5 7 4 0 3 5 12 2 0 4 12 5 3 2 7 16 4 5 0 5 4 16 7 10 10 5 12 12 5 9 9 7 14 12 19 5 5 4 3 19 12 12 19 3 0 4 7 3 4 9 15 36 19 7 28 1 5 19 5 12 16 17 21 26 21 5 3 4 4 3 5 12 12 5 3 16 21 8 5 19 31 9 21 28 9 5 12 12 4 9 0 7 12 4 28 19 2 8 17 12 3 21 19 5 4 16 16 4 5 0 5 4 16 7 10 1 4 24 26 14 7 5 
